9:20	38.38	47.38	28.13	30.25	23.00	0.00	0.00	z	0	0	0	0	0	0.00	0	0	0	0	30.25	0.00	38.38	4	0	176
9:21	38.38	47.38	28.13	31.00	23.00	0.00	0.00	z	0	0	0	0	0	0.00	0	0	0	0	31.00	-0.40	38.38	4	0	176
9:22	38.38	47.38	28.13	30.50	23.00	0.00	0.00	z	0	0	0	0	0	0.00	0	0	0	0	30.50	-0.53	38.38	4	0	176
9:23	38.38	47.38	28.00	30.63	22.88	0.00	0.00	z	0	0	0	0	0	0.00	0	0	0	0	30.63	-0.28	38.38	4	0	176
9:24	38.38	47.38	28.00	30.50	22.88	0.00	0.00	z	0	0	0	0	0	0.00	0	0	0	0	30.50	-0.28	38.38	4	0	176
9:25	38.38	47.38	28.00	30.25	22.88	0.00	0.00	z	0	0	0	0	0	0.00	0	0	0	0	30.25	-0.62	38.38	4	0	176
9:26	38.25	47.38	28.00	30.50	22.75	0.00	-0.16	z	0	0	0	0	0	0.00	0	0	0	0	30.50	-0.29	38.25	4	0	176
9:27	38.25	47.38	28.00	30.50	22.75	0.00	-0.03	z	0	0	0	0	0	0.00	0	0	0	0	30.50	0.20	38.25	4	0	176
9:28	38.25	47.38	28.00	30.25	22.75	0.00	0.00	z	0	0	0	0	0	0.00	0	0	0	0	30.25	-0.28	38.25	4	0	176
9:29	38.25	47.38	27.88	30.25	22.75	0.00	0.00	z	0	0	0	0	0	0.00	0	0	0	0	30.25	0.25	38.25	4	0	176
9:30	38.25	47.38	27.88	30.75	22.63	0.00	0.00	z	0	0	0	0	0	0.00	0	0	0	0	30.75	0.37	38.25	4	0	176
9:31	38.25	47.38	27.88	30.25	22.63	0.00	0.00	z	0	0	0	0	0	0.00	0	0	0	0	30.25	-0.47	38.25	4	0	176
9:32	38.25	47.38	27.88	30.25	22.63	0.00	0.00	z	0	0	0	0	0	0.00	0	0	0	0	30.25	-0.08	38.25	4	0	176
9:33	38.25	47.38	27.75	30.25	22.50	0.00	0.00	z	0	0	0	0	0	0.00	0	0	0	0	30.25	0.20	38.25	4	0	176
9:34	38.13	47.38	27.75	30.25	22.50	0.00	-0.12	z	0	0	0	0	0	0.00	0	0	0	0	30.25	-0.28	38.13	4	0	176
9:35	38.13	47.38	27.75	30.25	22.50	0.00	-0.03	z	0	0	0	0	0	0.00	0	0	0	0	30.25	0.07	38.13	4	0	176
9:36	38.13	47.38	27.75	30.50	22.50	0.00	-0.00	z	0	0	0	0	0	0.00	0	0	0	0	30.50	-0.93	38.13	4	0	176
9:38	38.13	47.38	27.75	30.75	22.38	0.00	0.00	z	0	0	0	0	0	0.00	0	0	0	0	30.75	-0.32	38.13	4	0	176
9:39	38.13	47.38	27.63	30.00	22.38	0.00	0.00	z	0	0	0	0	0	0.00	0	0	0	0	30.00	0.20	38.13	4	0	176
9:40	38.13	47.38	27.63	30.50	22.38	0.00	0.00	z	0	0	0	0	0	0.00	0	0	0	0	30.50	0.12	38.13	4	0	176
9:41	38.13	47.38	27.63	30.00	22.38	0.00	0.00	z	0	0	0	0	0	0.00	0	0	0	0	30.00	0.13	38.13	4	0	176
9:42	38.00	47.25	27.63	30.25	22.25	0.00	0.00	z	0	0	0	0	0	0.00	0	0	0	0	30.25	0.10	38.00	4	0	176
9:43	38.00	47.25	27.63	30.00	22.25	0.00	-0.12	z	0	0	0	0	0	0.00	0	0	0	0	30.00	-0.62	38.00	4	0	176
9:44	38.00	47.25	27.63	30.00	22.25	0.00	0.01	z	0	0	0	0	0	0.00	0	0	0	0	30.00	-0.18	38.00	4	0	176
9:45	38.00	47.25	27.50	30.50	22.25	0.00	-0.01	z	0	0	0	0	0	0.00	0	0	0	0	30.50	-0.02	38.00	4	0	176
9:46	38.00	47.25	27.50	29.75	22.13	0.00	-0.00	z	0	0	0	0	0	0.00	0	0	0	0	29.75	0.23	38.00	4	0	176
9:47	38.00	47.25	27.50	29.75	22.13	0.00	0.00	z	0	0	0	0	0	0.00	0	0	0	0	29.75	0.32	38.00	4	0	176
9:48	38.00	47.25	27.50	30.25	22.13	0.00	0.00	z	0	0	0	0	0	0.00	0	0	0	0	30.25	0.05	38.00	4	0	176
9:49	38.00	47.25	27.50	30.25	22.13	0.00	0.00	z	0	0	0	0	0	0.00	0	0	0	0	30.25	-0.17	38.00	4	0	176
9:50	38.00	47.25	27.50	30.50	22.00	0.00	0.00	z	0	0	0	0	0	0.00	0	0	0	0	30.50	0.09	38.00	4	0	176
9:51	37.88	47.25	27.38	30.19	22.00	0.00	-0.04	z	0	0	0	0	0	0.00	0	0	0	0	30.19	-0.50	37.88	4	0	176
9:52	37.88	47.25	27.38	30.25	22.00	0.00	-0.15	z	0	0	0	0	0	0.00	0	0	0	0	30.25	-0.72	37.88	4	0	176
9:53	37.88	47.25	27.38	29.75	22.00	0.00	-0.02	z	0	0	0	0	0	0.00	0	0	0	0	29.75	0.25	37.88	4	0	176
9:54	37.88	47.25	27.38	30.00	22.00	0.00	0.00	z	0	0	0	0	0	0.00	0	0	0	0	30.00	0.13	37.88	4	0	176
9:55	37.88	47.25	27.38	29.50	21.88	0.00	0.00	z	0	0	0	0	0	0.00	0	0	0	0	29.50	0.33	37.88	4	0	176
9:56	37.88	47.25	27.25	30.00	21.88	0.00	0.00	z	0	0	0	0	0	0.00	0	0	0	0	30.00	0.33	37.88	4	0	176
9:57	37.88	47.25	27.25	29.50	21.88	0.00	0.00	z	0	0	0	0	0	0.00	0	0	0	0	29.50	-0.07	37.88	4	0	176
9:58	37.88	47.25	27.25	30.00	21.88	0.00	0.00	z	0	0	0	0	0	0.00	0	0	0	0	30.00	-0.10	37.88	4	0	176
9:59	37.75	47.25	27.25	30.00	21.88	0.00	0.00	z	0	0	0	0	0	0.00	0	0	0	0	30.00	0.30	37.75	4	0	176
10:0	37.75	47.25	27.13	30.00	21.75	0.00	-0.13	z	0	0	0	0	0	0.00	0	0	0	0	30.00	-0.07	37.75	4	0	176
10:1	37.75	47.25	27.13	30.00	21.75	0.00	-0.02	z	0	0	0	0	0	0.00	0	0	0	0	30.00	0.30	37.75	4	0	176
10:2	37.75	47.25	27.13	29.75	21.75	0.00	0.00	z	0	0	0	0	0	0.00	0	0	0	0	29.75	0.25	37.75	4	0	176
10:3	37.75	47.25	27.13	30.25	21.75	0.00	0.00	z	0	0	0	0	0	0.00	0	0	0	0	30.25	0.28	37.75	4	0	176
10:4	37.75	47.25	27.13	30.25	21.75	0.00	0.00	z	0	0	0	0	0	0.00	0	0	0	0	30.25	-0.28	37.75	4	0	176
10:5	37.75	47.25	27.13	30.00	21.63	0.00	0.00	z	0	0	0	0	0	0.00	0	0	0	0	30.00	-0.25	37.75	4	0	176
10:6	37.75	47.13	27.13	29.50	21.63	0.00	0.00	z	0	0	0	0	0	0.00	0	0	0	0	29.50	-0.03	37.75	4	0	176
10:7	37.75	47.13	27.00	30.00	21.63	0.00	0.00	z	0	0	0	0	0	0.00	0	0	0	0	30.00	-0.52	37.75	4	0	176
10:8	37.63	47.13	27.00	29.75	21.63	0.00	0.06	z	0	0	0	0	0	0.00	0	0	0	0	29.75	-0.28	37.63	4	0	176
10:9	37.63	47.13	27.00	29.69	21.63	0.00	-0.03	z	0	0	0	0	0	0.00	0	0	0	0	29.69	0.28	37.63	4	0	176
10:10	37.63	47.13	27.00	29.75	21.50	0.00	-0.01	z	0	0	0	0	0	0.00	0	0	0	0	29.75	0.13	37.63	4	0	176
10:11	37.63	47.13	27.00	29.75	21.50	0.00	0.00	z	0	0	0	0	0	0.00	0	0	0	0	29.75	0.22	37.63	4	0	176
10:12	37.63	47.13	26.88	29.75	21.50	0.00	0.00	z	0	0	0	0	0	0.00	0	0	0	0	29.75	0.11	37.63	4	0	176
10:13	37.63	47.13	26.88	29.75	21.50	0.00	0.00	z	0	0	0	0	0	0.00	0	0	0	0	29.75	0.30	37.63	4	0	176
10:14	37.63	47.13	26.88	29.75	21.50	0.00	0.00	z	0	0	0	0	0	0.00	0	0	0	0	29.75	-0.39	37.63	4	0	176
10:15	37.50	47.13	26.88	29.25	21.38	0.00	-0.16	z	0	0	0	0	0	0.00	0	0	0	0	29.25	0.25	37.50	4	0	176
10:16	37.50	47.13	26.88	30.00	21.38	0.00	-0.13	z	0	0	0	0	0	0.00	0	0	0	0	30.00	0.17	37.50	4	0	176
10:17	37.50	47.13	26.88	29.75	21.38	0.00	-0.02	z	0	0	0	0	0	0.00	0	0	0	0	29.75	-0.30	37.50	4	0	176
10:18	37.50	47.13	26.75	29.63	21.38	0.00	0.00	z	0	0	0	0	0	0.00	0	0	0	0	29.63	-0.05	37.50	4	0	176
10:19	37.50	47.13	26.75	29.75	21.38	0.00	0.00	z	0	0	0	0	0	0.00	0	0	0	0	29.75	-0.43	37.50	4	0	176
10:20	37.50	47.13	26.75	30.00	21.38	0.00	0.00	z	0	0	0	0	0	0.00	0	0	0	0	30.00	0.17	37.50	4	0	176
10:21	37.50	47.13	26.75	29.75	21.25	0.00	0.00	z	0	0	0	0	0	0.00	0	0	0	0	29.75	0.15	37.50	4	0	176
10:22	37.50	47.13	26.75	29.50	21.25	0.00	0.00	z	0	0	0	0	0	0.00	0	0	0	0	29.50	-0.47	37.50	4	0	176
10:23	37.50	47.13	26.63	29.25	21.25	0.00	0.00	z	0	0	0	0	0	0.00	0	0	0	0	29.25	0.24	37.50	4	0	176
10:24	37.38	47.13	26.63	30.00	21.25	0.00	0.00	z	0	0	0	0	0	0.00	0	0	0	0	30.00	0.25	37.38	4	0	176
10:25	37.38	47.13	26.63	30.00	21.25	0.00	-0.08	z	0	0	0	0	0	0.00	0	0	0	0	30.00	0.23	37.38	4	0	176
10:26	37.38	47.13	26.63	29.50	21.13	0.00	-0.01	z	0	0	0	0	0	0.00	0	0	0	0	29.50	0.15	37.38	4	0	176
10:27	37.38	47.13	26.63	29.50	21.13	0.00	0.00	z	0	0	0	0	0	0.00	0	0	0	0	29.50	0.20	37.38	4	0	176
10:28	37.38	47.00	26.63	29.75	21.13	0.00	0.00	z	0	0	0	0	0	0.00	0	0	0	0	29.75	0.03	37.38	4	0	176
10:29	37.38	47.13	26.50	29.75	21.13	0.00	0.00	z	0	0	0	0	0	0.00	0	0	0	0	29.75	0.20	37.38	4	0	176
10:30	37.38	47.13	26.50	29.50	21.13	0.00	0.00	z	0	0	0	0	0	0.00	0	0	0	0	29.50	-0.17	37.38	4	0	176
10:31	37.38	47.00	26.50	30.00	21.13	0.00	-0.12	z	0	0	0	0	0	0.00	0	0	0	0	30.00	-0.07	37.38	4	0	176
10:32	37.25	47.00	26.50	29.75	21.00	0.00	-0.13	z	0	0	0	0	0	0.00	0	0	0	0	29.75	-0.43	37.25	4	0	176
10:33	37.25	47.00	26.50	29.25	21.00	0.00	-0.02	z	0	0	0	0	0	0.00	0	0	0	0	29.25	-0.07	37.25	4	0	176
10:34	37.25	47.00	26.38	29.50	21.00	0.00	0.00	z	0	0	0	0	0	0.00	0	0	0	0	29.50	0.20	37.25	4	0	176
10:35	37.25	47.00	26.38	29.50	21.00	0.00	0.00	z	0	0	0	0	0	0.00	0	0	0	0	29.50	0.67	37.25	4	0	176
10:36	37.25	47.00	26.38	29.25	21.00	0.00	0.00	z	0	0	0	0	0	0.00	0	0	0	0	29.25	0.18	37.25	4	0	176
10:37	37.25	47.00	26.38	29.25	21.00	0.00	0.00	z	0	0	0	0	0	0.00	0	0	0	0	29.25	-0.42	37.25	4	0	176
10:38	37.22	47.00	26.38	29.50	20.88	0.00	0.00	z	0	0	0	0	0	0.00	0	0	0	0	29.50	-0.47	37.22	4	0	176
10:39	37.22	47.00	26.38	29.75	20.88	0.00	0.00	z	0	0	0	0	0	0.00	0	0	0	0	29.75	0.37	37.22	4	0	176
10:40	37.13	47.00	26.25	29.25	20.88	0.00	-0.13	z	0	0	0	0	0	0.00	0	0	0	0	29.25	-0.48	37.13	4	0	176
10:41	37.13	47.00	26.25	29.75	20.88	0.00	-0.02	z	0	0	0	0	0	0.00	0	0	0	0	29.75	0.55	37.13	4	0	176
10:42	37.13	47.00	26.25	29.50	20.88	0.00	0.00	z	0	0	0	0	0	0.00	0	0	0	0	29.50	0.50	37.13	4	0	176
10:43	37.13	47.00	26.25	28.75	20.88	0.00	0.00	z	0	0	0	0	0	0.00	0	0	0	0	28.75	-0.25	37.13	4	0	176
10:44	37.13	47.00	26.25	29.75	20.88	0.00	0.00	z	0	0	0	0	0	0.00	0	0	0	0	29.75	-0.13	37.13	4	0	176
10:45	37.00	47.00	26.25	29.38	20.75	0.00	0.00	z	0	0	0	0	0	0.00	0	0	0	0	29.38	-0.02	37.00	4	0	176
10:46	37.00	47.00	26.13	29.00	20.75	0.00	0.10	z	0	0	0	0	0	0.00	0	0	0	0	29.00	0.22	37.00	4	0	176
10:47	37.09	47.00	26.13	29.75	20.75	0.00	-0.07	z	0	0	0	0	0	0.00	0	0	0	0	29.75	-0.08	37.09	4	0	176
10:48	37.00	47.00	26.13	29.25	20.75	0.00	-0.11	z	0	0	0	0	0	0.00	0	0	0	0	29.25	0.50	37.00	4	0	176
10:49	37.00	47.00	26.13	29.25	20.75	0.00	-0.02	z	0	0	0	0	0	0.00	0	0	0	0	29.25	0.17	37.00	4	0	176
10:50	37.00	47.00	26.13	29.50	20.75	0.00	0.00	z	0	0	0	0	0	0.00	0	0	0	0	29.50	0.22	37.00	4	0	176
10:51	37.00	47.00	26.13	29.25	20.63	0.00	0.00	z	0	0	0	0	0	0.00	0	0	0	0	29.25	-0.40	37.00	4	0	176
10:52	37.00	46.88	26.00	29.50	20.63	0.00	0.00	z	0	0	0	0	0	0.00	0	0	0	0	29.50	0.05	37.00	4	0	176
10:53	37.00	47.00	26.00	29.25	20.63	0.00	0.00	z	0	0	0	0	0	0.00	0	0	0	0	29.25	-0.18	37.00	4	0	176
10:54	36.88	47.00	26.00	29.50	20.63	0.00	0.00	z	0	0	0	0	0	0.00	0	0	0	0	29.50	0.28	36.88	4	0	176
10:55	36.88	46.88	26.00	29.50	20.63	0.00	-0.12	z	0	0	0	0	0	0.00	0	0	0	0	29.50	0.65	36.88	4	0	176
10:56	36.88	46.88	26.00	29.50	20.63	0.00	-0.03	z	0	0	0	0	0	0.00	0	0	0	0	29.50	0.13	36.88	4	0	176
10:57	36.88	46.88	25.88	28.75	20.63	0.00	-0.00	z	0	0	0	0	0	0.00	0	0	0	0	28.75	-0.63	36.88	4	0	176
10:58	36.88	46.88	25.88	29.00	20.50	0.00	0.00	z	0	0	0	0	0	0.00	0	0	0	0	29.00	-0.27	36.88	4	0	176
10:59	36.88	46.88	25.88	29.50	20.50	0.00	0.00	z	0	0	0	0	0	0.00	0	0	0	0	29.50	0.17	36.88	4	0	176
11:0	36.88	46.88	25.88	29.25	20.50	0.00	0.00	z	0	0	0	0	0	0.00	0	0	0	0	29.25	0.03	36.88	4	0	176
11:1	36.88	46.88	25.88	29.00	20.50	0.00	0.00	z	0	0	0	0	0	0.00	0	0	0	0	29.00	0.00	36.88	4	0	176
11:2	36.75	46.88	25.88	29.25	20.50	0.00	0.10	z	0	0	0	0	0	0.00	0	0	0	0	29.25	-0.83	36.75	4	0	176
11:3	36.75	46.88	25.88	29.13	20.50	0.00	-0.04	z	0	0	0	0	0	0.00	0	0	0	0	29.13	0.10	36.75	4	0	176
11:4	36.75	46.88	25.75	29.00	20.38	0.00	-0.01	z	0	0	0	0	0	0.00	0	0	0	0	29.00	0.43	36.75	4	0	176
11:5	36.75	46.88	25.75	29.25	20.38	0.00	0.00	z	0	0	0	0	0	0.00	0	0	0	0	29.25	0.22	36.75	4	0	176
11:6	36.75	46.88	25.75	29.00	20.38	0.00	0.00	z	0	0	0	0	0	0.00	0	0	0	0	29.00	-0.03	36.75	4	0	176
11:7	36.75	46.88	25.75	29.25	20.38	0.00	0.00	z	0	0	0	0	0	0.00	0	0	0	0	29.25	0.19	36.75	4	0	176
11:8	36.75	46.88	25.75	29.25	20.38	0.00	0.00	z	0	0	0	0	0	0.00	0	0	0	0	29.25	0.23	36.75	4	0	176
11:10	36.75	46.88	25.75	29.25	20.38	0.00	0.00	z	0	0	0	0	0	0.00	0	0	0	0	29.25	0.23	36.75	4	0	176
11:11	36.66	46.88	25.63	29.25	20.38	0.00	-0.04	z	0	0	0	0	0	0.00	0	0	0	0	29.25	0.13	36.66	4	0	176
11:12	36.63	46.88	25.63	29.00	20.38	0.00	-0.05	z	0	0	0	0	0	0.00	0	0	0	0	29.00	-0.30	36.63	4	0	176
11:13	36.63	46.88	25.63	29.06	20.25	0.00	-0.01	z	0	0	0	0	0	0.00	0	0	0	0	29.06	-0.25	36.63	4	0	176
11:14	36.63	46.88	25.63	29.25	20.25	0.00	0.00	z	0	0	0	0	0	0.00	0	0	0	0	29.25	-0.03	36.63	4	0	176
11:15	36.63	46.88	25.63	28.75	20.25	0.00	0.00	z	0	0	0	0	0	0.00	0	0	0	0	28.75	0.32	36.63	4	0	176
11:16	36.63	46.88	25.50	29.25	20.25	0.00	0.00	z	0	0	0	0	0	0.00	0	0	0	0	29.25	-0.27	36.63	4	0	176
11:17	36.63	46.75	25.63	29.25	20.25	0.00	0.00	z	0	0	0	0	0	0.00	0	0	0	0	29.25	0.27	36.63	4	0	176
11:18	36.50	46.88	25.50	29.25	20.25	0.00	-0.02	z	0	0	0	0	0	0.00	0	0	0	0	29.25	-0.38	36.50	4	0	176
11:19	36.50	46.75	25.50	29.25	20.25	0.00	-0.02	z	0	0	0	0	0	0.00	0	0	0	0	29.25	-0.78	36.50	4	0	176
11:20	36.50	46.75	25.50	28.75	20.25	0.00	-0.00	z	0	0	0	0	0	0.00	0	0	0	0	28.75	0.00	36.50	4	0	176
11:21	36.50	46.88	25.50	29.00	20.13	0.00	0.00	z	0	0	0	0	0	0.00	0	0	0	0	29.00	0.80	36.50	4	0	176
11:22	36.50	46.88	25.50	28.69	20.13	0.00	0.00	z	0	0	0	0	0	0.00	0	0	0	0	28.69	0.73	36.50	4	0	176
11:23	36.50	46.75	25.50	29.00	20.13	0.00	0.00	z	0	0	0	0	0	0.00	0	0	0	0	29.00	0.30	36.50	4	0	176
11:24	36.50	46.75	25.38	29.25	20.13	0.00	0.00	z	0	0	0	0	0	0.00	0	0	0	0	29.25	0.43	36.50	4	0	176
11:25	36.50	46.75	25.38	28.75	20.13	0.00	0.00	z	0	0	0	0	0	0.00	0	0	0	0	28.75	0.23	36.50	4	0	176
11:26	36.41	46.75	25.38	29.00	20.13	0.00	0.00	z	0	0	0	0	0	0.00	0	0	0	0	29.00	0.00	36.41	4	0	176
11:27	36.38	46.75	25.38	28.50	20.13	0.00	-0.06	z	0	0	0	0	0	0.00	0	0	0	0	28.50	0.08	36.38	4	0	176
11:28	36.38	46.75	25.38	29.25	20.13	0.00	-0.01	z	0	0	0	0	0	0.00	0	0	0	0	29.25	-0.07	36.38	4	0	176
11:29	36.38	46.75	25.38	28.75	20.00	0.00	0.00	z	0	0	0	0	0	0.00	0	0	0	0	28.75	-0.53	36.38	4	0	176
11:30	36.38	46.75	25.25	28.25	20.00	0.00	0.00	z	0	0	0	0	0	0.00	0	0	0	0	28.25	-0.28	36.38	4	0	176
11:31	36.38	46.75	25.25	28.88	20.00	0.00	0.00	z	0	0	0	0	0	0.00	0	0	0	0	28.88	-0.23	36.38	4	0	176
11:32	36.38	46.75	25.25	29.00	20.00	0.00	0.00	z	0	0	0	0	0	0.00	0	0	0	0	29.00	0.60	36.38	4	0	176
11:33	36.38	46.75	25.25	28.75	20.00	0.00	0.00	z	0	0	0	0	0	0.00	0	0	0	0	28.75	-0.45	36.38	4	0	176
11:34	36.25	46.75	25.25	29.00	20.00	0.00	-0.08	z	0	0	0	0	0	0.00	0	0	0	0	29.00	0.35	36.25	4	0	176
11:35	36.25	46.75	25.25	29.00	20.00	0.00	-0.01	z	0	0	0	0	0	0.00	0	0	0	0	29.00	-0.05	36.25	4	0	176
11:36	36.25	46.75	25.25	28.75	20.00	0.00	0.00	z	0	0	0	0	0	0.00	0	0	0	0	28.75	-0.42	36.25	4	0	176
11:37	36.25	46.75	25.13	28.75	20.00	0.00	0.00	z	0	0	0	0	0	0.00	0	0	0	0	28.75	0.37	36.25	4	0	176
11:38	36.25	46.75	25.13	29.00	20.00	0.00	0.00	z	0	0	0	0	0	0.00	0	0	0	0	29.00	-0.05	36.25	4	0	176
11:39	36.25	46.75	25.13	28.50	19.88	0.00	0.00	z	0	0	0	0	0	0.00	0	0	0	0	28.50	-0.02	36.25	4	0	176
11:40	36.25	46.75	25.13	28.81	19.88	0.00	0.00	z	0	0	0	0	0	0.00	0	0	0	0	28.81	-0.12	36.25	4	0	176
11:41	36.13	46.75	25.13	29.25	19.88	0.00	-0.16	z	0	0	0	0	0	0.00	0	0	0	0	29.25	-0.02	36.13	4	0	176
11:42	36.13	46.63	25.13	29.00	19.88	0.00	-0.03	z	0	0	0	0	0	0.00	0	0	0	0	29.00	-0.20	36.13	4	0	176
11:43	36.13	46.75	25.00	29.00	19.88	0.00	0.00	z	0	0	0	0	0	0.00	0	0	0	0	29.00	0.08	36.13	4	0	176
11:44	36.13	46.63	25.00	28.50	19.88	0.00	0.00	z	0	0	0	0	0	0.00	0	0	0	0	28.50	-0.10	36.13	4	0	176
11:45	36.13	46.63	25.00	28.75	19.88	0.00	0.00	z	0	0	0	0	0	0.00	0	0	0	0	28.75	-0.33	36.13	4	0	176
11:46	36.13	46.63	25.00	28.50	19.88	0.00	0.00	z	0	0	0	0	0	0.00	0	0	0	0	28.50	-0.25	36.13	4	0	176
11:47	36.13	46.63	25.00	29.00	19.75	0.00	0.00	z	0	0	0	0	0	0.00	0	0	0	0	29.00	0.08	36.13	4	0	176
11:48	36.13	46.63	25.00	28.75	19.75	0.00	-0.16	z	0	0	0	0	0	0.00	0	0	0	0	28.75	0.02	36.13	4	0	176
11:49	36.00	46.63	24.88	28.75	19.75	0.00	-0.13	z	0	0	0	0	0	0.00	0	0	0	0	28.75	0.20	36.00	4	0	176
11:50	36.00	46.63	24.88	28.75	19.75	0.00	-0.02	z	0	0	0	0	0	0.00	0	0	0	0	28.75	0.02	36.00	4	0	176
11:51	36.00	46.63	24.88	28.75	19.75	0.00	0.00	z	0	0	0	0	0	0.00	0	0	0	0	28.75	-0.08	36.00	4	0	176
11:52	36.00	46.63	24.88	28.50	19.75	0.00	0.00	z	0	0	0	0	0	0.00	0	0	0	0	28.50	-0.53	36.00	4	0	176
11:53	36.00	46.63	24.88	29.00	19.75	0.00	0.00	z	0	0	0	0	0	0.00	0	0	0	0	29.00	0.55	36.00	4	0	176
11:54	36.00	46.63	24.88	28.75	19.75	0.00	0.00	z	0	0	0	0	0	0.00	0	0	0	0	28.75	-0.02	36.00	4	0	176
11:55	36.00	46.63	24.88	28.00	19.75	0.00	0.00	z	0	0	0	0	0	0.00	0	0	0	0	28.00	0.13	36.00	4	0	176
11:56	36.00	46.63	24.75	29.00	19.63	0.00	-0.12	F	1	84	0	0	0	0.00	19954	0	0	0	0.50	0.43	0.13	0	1	161
11:57	36.00	46.63	24.75	29.00	19.63	0.00	-0.13	F	1	84	0	0	0	0.00	19954	0	0	0	0.75	0.70	0.13	0	1	159
11:58	35.88	46.63	24.75	29.00	19.63	0.00	-0.04	F	1	84	0	0	0	0.00	39894	0	0	0	0.75	-0.22	0.00	0	1	162
11:59	35.88	46.63	24.75	29.00	19.63	0.00	-0.00	F	1	84	0	0	0	0.00	39894	0	0	0	0.75	0.67	0.00	0	1	161
12:0	35.88	46.63	24.75	29.00	19.63	0.00	0.00	F	1	84	0	0	0	0.00	39894	0	0	0	0.75	0.73	0.00	0	1	162
12:1	35.88	46.63	24.75	30.00	19.50	0.00	0.00	F	1	84	0	0	0	0.00	59852	0	0	0	1.75	-0.33	0.00	0	1	159
12:2	35.88	46.63	24.63	32.50	19.50	0.00	0.00	F	1	84	0	0	0	0.00	59852	0	0	0	4.25	3.02	0.00	0	1	160
12:3	35.88	46.63	24.63	33.50	19.50	0.00	0.00	F	1	84	0	0	0	0.00	79805	0	0	0	5.25	1.07	0.13	0	1	157
12:4	35.88	46.63	24.63	34.25	19.50	0.00	0.00	F	1	84	0	0	0	0.00	79805	0	0	0	6.00	0.08	0.13	0	1	157
12:5	36.00	46.50	24.75	35.00	19.50	0.00	0.00	F	1	84	0	0	0	0.00	79954	0	0	0	6.75	0.68	0.25	0	0	155
12:6	36.13	46.50	24.75	36.50	19.50	0.00	0.06	F	1	84	0	0	0	0.00	99758	0	0	0	8.25	1.21	0.38	0	1	156
12:7	36.38	46.50	24.88	37.75	19.50	0.00	0.38	F	1	84	0	0	0	0.00	99758	0	0	0	9.50	1.15	0.63	0	1	157
12:8	36.75	46.50	25.00	39.50	19.50	0.00	0.28	2	1	79	0	0	0	0.00	109811	0	0	0	0.69	1.05	0.25	0	0	163
12:9	37.13	46.50	25.13	41.00	19.50	0.00	0.31	2	1	79	0	0	0	0.00	119712	0	0	0	2.19	1.72	0.63	0	0	162
12:10	37.63	46.50	25.25	43.50	19.50	0.00	0.55	2	1	79	0	0	0	0.00	129672	0	0	0	4.69	1.54	1.13	2	0	162
12:11	38.38	46.50	25.38	45.00	19.50	0.00	0.67	2	1	79	0	0	0	0.00	139571	0	0	0	6.19	2.68	1.88	1	0	160
12:12	39.13	46.50	25.75	46.75	19.50	0.00	0.74	2	1	79	0	0	0	0.00	149417	0	0	0	7.94	1.77	2.63	1	0	160
12:13	40.00	46.50	26.13	48.00	19.63	0.00	0.91	2	1	79	0	0	0	0.00	159464	0	0	0	9.19	1.52	3.50	1	0	160
12:14	40.75	46.50	26.50	48.75	19.63	0.00	0.77	2	1	79	0	0	0	0.00	169363	0	0	0	9.94	1.07	4.25	1	0	160
12:15	41.38	46.50	26.88	49.75	19.75	0.00	0.63	2	1	79	0	0	0	0.00	179316	0	0	0	10.94	1.00	4.88	1	0	157
12:16	42.38	46.50	26.63	51.13	19.88	0.00	0.77	2	1	79	1	0	0	0.00	189218	24302	0	0	12.31	0.80	5.88	1	0	159
12:17	43.38	46.50	23.25	51.50	19.88	0.00	1.03	2	1	79	1	0	0	0.00	199156	84316	0	0	12.69	0.97	6.88	1	0	158
12:18	44.25	46.50	21.25	51.75	20.00	0.00	0.85	2	1	79	1	0	0	0.00	209000	144320	0	0	12.94	0.37	7.75	1	0	157
12:19	44.88	46.50	20.25	52.50	20.13	0.00	0.60	2	1	79	1	0	0	0.00	219049	204370	0	0	13.69	0.88	8.38	1	0	157
12:20	45.25	46.50	20.00	52.75	20.13	0.00	0.41	2	1	79	1	0	0	0.00	228955	264489	0	0	13.94	0.85	8.75	1	0	158
12:21	45.38	46.50	20.75	53.75	20.25	0.00	0.27	2	1	79	1	0	0	0.00	238909	324494	0	0	14.94	0.43	8.88	1	0	158
12:22	44.50	46.50	22.25	53.50	20.38	0.00	-0.50	2	1	79	0	0	0	0.00	248812	367148	0	0	14.69	0.37	8.00	1	0	159
12:23	43.75	46.50	23.38	53.50	20.50	0.00	-0.85	2	1	79	0	0	0	0.00	258705	367148	0	0	14.69	0.68	7.25	1	0	157
12:24	43.13	46.50	23.75	54.00	20.63	0.00	-0.61	2	1	79	0	0	0	0.00	268757	367148	0	0	15.19	0.70	6.63	1	0	157
12:25	42.50	46.50	23.63	54.13	20.75	0.00	-0.51	2	1	79	0	0	0	0.00	278660	367148	0	0	15.31	0.30	6.00	1	0	158
12:26	42.00	46.50	23.63	54.50	20.88	0.00	-0.56	2	1	79	0	0	0	0.00	288617	367148	0	0	15.69	0.78	5.50	1	0	157
12:27	41.63	46.50	23.50	55.00	21.00	0.00	-0.35	2	1	79	0	0	0	0.00	298523	367148	0	0	16.19	0.32	5.13	1	0	155
12:28	41.25	46.50	23.50	54.75	21.13	0.00	-0.47	2	1	79	0	0	0	0.00	308374	367148	0	0	15.94	0.03	4.75	1	0	156
12:29	40.88	46.50	23.63	55.75	21.25	0.00	-0.44	2	1	79	0	0	0	0.00	318420	367148	0	0	16.94	0.97	4.38	1	0	156
12:30	40.50	46.50	23.75	56.00	21.38	0.00	-0.28	2	1	79	0	0	0	0.00	328320	367148	0	0	17.19	0.78	4.00	1	0	157
12:31	40.38	46.50	24.13	56.75	21.63	0.00	-0.25	2	1	79	0	0	0	0.00	338277	367148	0	0	17.94	0.22	3.88	1	0	156
12:32	40.13	46.50	24.63	57.00	21.75	0.00	-0.25	2	1	79	0	0	0	0.00	348077	367148	0	0	18.19	0.45	3.63	1	0	155
12:33	40.25	46.50	25.00	57.25	21.88	0.00	0.13	2	1	79	0	0	0	0.00	357921	367148	0	0	18.44	0.18	3.75	1	0	158
12:34	40.75	46.50	25.63	57.50	22.00	0.00	0.40	2	1	79	0	0	0	0.00	367826	367148	0	0	18.69	-0.18	4.25	1	0	158
12:35	41.63	46.38	26.25	57.50	22.13	0.00	0.73	2	1	79	0	0	0	0.00	377699	367148	0	0	18.69	0.28	5.13	1	0	155
12:36	42.38	46.38	26.00	57.50	22.25	0.00	0.79	2	1	79	1	0	0	0.00	387453	401804	0	0	18.69	0.45	5.88	1	0	156
12:37	43.13	46.38	25.38	58.00	22.38	0.00	0.80	2	1	79	1	0	0	0.00	397405	461803	0	0	19.19	-0.02	6.63	1	0	155
12:38	43.75	46.38	25.13	58.50	22.50	0.00	0.70	2	1	79	1	0	0	0.00	407306	521808	0	0	19.69	0.34	7.25	1	0	156
12:39	44.38	46.38	25.38	58.50	22.63	0.00	0.68	2	1	79	1	0	0	0.00	417155	581808	0	0	19.69	-0.23	7.88	1	0	155
12:41	44.78	46.38	25.88	58.25	22.75	0.00	0.52	2	1	79	1	0	0	0.00	427061	641865	0	0	19.44	0.67	8.28	1	0	156
12:42	44.88	46.38	26.63	59.00	22.88	0.00	0.13	2	1	79	1	0	0	0.00	436963	701974	0	0	20.19	0.23	8.38	1	0	158
12:43	44.38	46.38	27.50	59.00	22.88	0.00	-0.31	2	1	79	1	0	0	0.00	446920	761981	0	0	20.19	0.33	7.88	1	0	156
12:44	43.50	46.38	28.25	59.00	23.00	0.00	-0.78	2	1	79	0	0	0	0.00	456819	776536	0	0	20.19	0.07	7.00	1	0	157
12:45	42.84	46.38	28.63	59.75	23.13	0.00	-0.76	2	1	79	0	0	0	0.00	466664	776536	0	0	20.94	0.23	6.34	1	0	155
12:46	42.25	46.38	28.88	60.25	23.25	0.00	-0.59	2	1	79	0	0	0	0.00	476715	776536	0	0	21.44	0.07	5.75	1	0	157
12:47	41.75	46.38	28.88	61.00	23.38	0.00	-0.51	2	1	79	0	0	0	0.00	486619	776536	0	0	22.19	0.20	5.25	1	0	155
12:48	41.25	46.38	29.00	61.25	23.38	0.00	-0.40	2	1	79	0	0	0	0.00	496513	776536	0	0	22.44	0.38	4.75	1	0	155
12:49	41.38	46.38	29.25	61.25	23.50	0.00	0.05	2	1	79	0	0	0	0.00	506361	776536	0	0	22.44	0.33	4.88	1	0	156
12:50	42.13	46.38	29.63	61.25	23.63	0.00	0.55	2	1	79	1	0	0	0.00	516261	787690	0	0	22.44	-0.28	5.63	1	0	155
12:51	42.88	46.38	29.00	61.50	23.75	0.00	0.79	2	1	79	1	0	0	0.00	526162	847803	0	0	22.69	-0.02	6.38	1	0	155
12:52	43.63	46.38	28.75	61.25	23.75	0.00	0.86	2	1	79	1	0	0	0.00	536061	907949	0	0	22.44	-0.32	7.13	1	0	156
12:53	44.25	46.38	28.75	61.75	23.88	0.00	0.71	2	1	79	1	0	0	0.00	545908	967982	0	0	22.94	0.58	7.75	1	0	155
12:54	44.75	46.38	28.88	61.75	24.00	0.00	0.52	2	1	79	1	0	0	0.00	555987	1028148	0	0	22.94	0.40	8.25	1	0	155
12:55	45.00	46.38	29.25	61.50	24.13	0.00	0.34	2	1	79	1	0	0	0.00	565890	1088256	0	0	22.69	-0.58	8.50	1	0	155
12:56	45.00	46.38	29.63	61.75	24.13	0.00	0.04	2	1	79	1	0	0	0.00	575841	1148261	0	0	22.94	-0.18	8.50	1	0	154
12:57	44.63	46.38	30.25	61.75	24.25	0.00	-0.22	2	1	79	1	0	0	0.00	585737	1208406	0	0	22.94	0.50	8.13	1	0	156
12:58	43.63	46.38	30.75	61.25	24.25	0.00	-0.78	2	1	79	0	0	0	0.00	595582	1253703	0	0	22.44	0.05	7.13	1	0	154
12:59	43.00	46.38	31.13	61.50	24.38	0.00	-0.82	2	1	79	0	0	0	0.00	605632	1253703	0	0	22.69	-0.32	6.50	1	0	154
13:0	42.63	46.25	31.25	61.00	24.38	0.00	-0.38	2	1	79	1	0	0	0.00	615525	1268105	0	0	22.19	0.18	6.13	1	0	154
13:1	42.25	46.25	31.13	61.50	24.50	0.00	-0.32	2	1	79	1	0	0	0.00	625486	1328117	0	0	22.69	-0.52	5.75	1	0	156
13:2	42.13	46.38	31.25	61.13	24.50	0.00	-0.26	2	1	79	1	0	0	0.00	635384	1388125	0	0	22.31	1.07	5.63	1	0	156
13:3	42.38	46.25	31.25	61.25	24.63	0.00	0.14	2	1	79	1	0	0	0.00	645255	1448125	0	0	22.44	0.31	5.88	1	0	154
13:4	42.50	46.25	31.38	60.75	24.63	0.00	0.20	2	1	79	1	0	0	0.00	655159	1508179	0	0	21.94	-0.15	6.00	1	0	152
13:5	42.50	46.25	31.38	60.75	24.75	0.00	-0.05	2	1	79	1	0	0	0.00	665059	1568290	0	0	21.94	-0.54	6.00	1	0	155
13:6	42.38	46.38	31.50	61.00	24.88	0.00	-0.01	2	1	79	1	0	0	0.00	675020	1628293	0	0	22.19	-0.17	5.88	1	0	156
13:7	42.25	46.25	31.63	61.25	24.88	0.00	-0.22	2	1	79	1	0	0	0.00	684923	1688296	0	0	22.44	0.42	5.75	1	0	155
13:8	42.00	46.25	31.75	61.75	25.00	0.00	-0.25	2	1	79	1	0	0	0.00	694819	1748299	0	0	22.94	0.50	5.50	1	0	155
13:9	41.88	46.25	32.00	62.50	25.00	0.00	-0.09	2	1	79	0	0	0	0.00	704664	1752056	0	0	23.69	0.33	5.38	1	0	157
13:10	41.88	46.25	31.88	62.25	25.13	0.00	-0.01	2	1	79	0	0	0	0.00	714569	1752056	0	0	23.44	0.75	5.38	1	0	155
13:11	42.25	46.25	31.75	62.25	25.13	0.00	0.22	2	1	79	1	0	0	0.00	724465	1799852	0	0	23.44	0.23	5.75	1	0	154
13:12	42.75	46.25	31.75	62.75	25.25	0.00	0.47	2	1	79	1	0	0	0.00	734415	1859967	0	0	23.94	0.13	6.25	1	0	154
13:13	43.50	46.25	31.63	63.00	25.25	0.00	0.72	2	1	79	1	0	0	0.00	744315	1919972	0	0	24.19	0.33	7.00	1	0	156
13:14	44.25	46.25	31.75	63.00	25.38	0.00	0.75	2	1	79	1	0	0	0.00	754162	1980028	0	0	24.19	0.05	7.75	1	0	156
13:15	44.63	46.25	31.75	63.25	25.38	0.00	0.38	2	1	79	1	0	0	0.00	764064	2040153	0	0	24.44	-0.20	8.13	1	0	154
13:16	44.75	46.25	32.00	63.00	25.38	0.00	0.26	2	1	79	1	0	0	0.00	773962	2100299	0	0	24.19	-0.23	8.25	1	0	154
13:17	44.75	46.25	32.25	63.25	25.50	0.00	0.03	2	1	79	1	0	0	0.00	783912	2160313	0	0	24.44	0.37	8.25	1	0	155
13:18	44.38	46.25	32.63	63.50	25.50	0.00	-0.22	2	1	79	1	0	0	0.00	793817	2220333	0	0	24.69	0.93	7.88	1	0	157
13:19	43.88	46.25	33.00	64.75	25.63	0.00	-0.47	2	1	79	1	0	0	0.00	803713	2280367	0	0	25.94	0.57	7.38	1	0	155
13:20	43.63	46.25	33.25	64.06	25.63	0.00	-0.18	2	1	79	1	0	0	0.00	813619	2340506	0	0	25.25	-0.68	7.13	1	0	154
13:21	43.63	46.25	33.50	64.25	25.63	0.00	-0.08	2	1	79	1	0	0	0.00	823518	2400630	0	0	25.44	0.20	7.13	1	0	153
13:22	43.75	46.25	33.63	64.25	25.75	0.00	0.05	2	1	79	1	0	0	0.00	833473	2460653	0	0	25.44	0.21	7.25	1	0	157
13:23	43.88	46.25	33.75	63.50	25.75	0.00	0.17	2	1	79	1	0	0	0.00	843374	2520653	0	0	24.69	-0.23	7.38	1	0	153
13:24	44.00	46.25	33.88	63.50	25.88	0.00	0.03	2	1	79	1	0	0	0.00	853226	2580714	0	0	24.69	-0.04	7.50	1	0	155
13:25	44.13	46.25	33.88	64.00	25.88	0.00	0.06	2	1	79	1	0	0	0.00	863163	2640829	0	0	25.19	0.12	7.63	1	0	155
13:26	44.25	46.25	33.88	64.25	26.00	0.00	0.22	2	1	79	1	0	0	0.00	873066	2700976	0	0	25.44	-0.18	7.75	1	0	154
13:27	44.38	46.25	34.00	64.25	26.00	0.00	0.19	2	1	79	1	0	0	0.00	882965	2761117	0	0	25.44	-0.15	7.88	1	0	153
13:28	44.50	46.13	34.00	64.25	26.00	0.00	0.18	2	1	79	1	0	0	0.00	892813	2821176	0	0	25.44	0.15	8.00	1	0	154
13:29	44.50	46.25	34.13	64.25	26.00	0.00	0.03	2	1	79	1	0	0	0.00	902718	2881287	0	0	25.44	0.03	8.00	1	0	154
13:30	44.63	46.13	34.25	64.25	26.13	0.00	0.06	2	1	79	1	0	0	0.00	912585	2941434	0	0	25.44	0.20	8.13	1	0	156
13:31	44.63	46.13	34.25	64.50	26.13	0.00	0.01	2	1	79	1	0	0	0.00	922542	3001441	0	0	25.69	0.12	8.13	1	0	153
13:32	44.75	46.13	34.38	64.75	26.25	0.00	0.16	2	1	79	1	0	0	0.00	932439	3061444	0	0	25.94	0.25	8.25	1	0	154
13:33	44.75	46.13	34.50	64.75	26.25	0.00	0.03	2	1	79	1	0	0	0.00	942340	3121505	0	0	25.94	0.15	8.25	1	0	155
13:34	44.88	46.13	34.50	65.00	26.25	0.00	0.16	2	1	79	1	0	0	0.00	952225	3181631	0	0	26.19	0.22	8.38	1	0	154
13:35	45.00	46.13	34.63	65.50	26.38	0.00	0.06	2	1	79	1	0	0	0.00	962133	3241639	0	0	26.69	0.23	8.50	1	0	155
13:36	45.13	46.13	34.63	65.50	26.38	0.00	0.05	2	1	79	1	0	0	0.00	972029	3301639	0	0	26.69	0.47	8.63	1	0	154
13:37	45.25	46.13	34.63	65.50	26.38	0.00	0.22	2	1	79	1	0	0	0.00	981982	3361646	0	0	26.69	0.50	8.75	1	0	153
13:38	45.38	46.13	34.75	65.50	26.50	0.00	0.19	2	1	79	1	0	0	0.00	991882	3421645	0	0	26.69	-0.25	8.88	1	0	152
13:39	45.50	46.13	34.75	65.50	26.50	0.00	0.08	2	1	79	1	0	0	0.00	1001781	3481709	0	0	26.69	0.15	9.00	1	0	154
13:40	45.72	46.13	34.88	65.25	26.50	0.00	0.07	2	1	79	1	0	0	0.00	1011628	3541820	0	0	26.44	-0.40	9.22	1	0	154
13:41	45.75	46.13	35.00	64.75	26.63	0.00	0.07	2	1	79	1	0	0	0.00	1021677	3601964	0	0	25.94	-0.50	9.25	1	0	153
13:42	45.88	46.13	35.00	65.00	26.63	0.00	0.17	2	1	79	1	0	0	0.00	1031578	3662109	0	0	26.19	0.55	9.38	1	0	155
13:43	45.88	46.13	35.13	65.25	26.75	0.00	0.03	2	1	79	1	0	0	0.00	1041492	3722170	0	0	26.44	-0.22	9.38	1	0	155
13:44	45.88	46.13	35.13	65.00	26.75	0.00	0.00	2	1	79	1	0	0	0.00	1051399	3782276	0	0	26.19	0.27	9.38	1	0	155
13:45	45.88	46.13	35.25	65.75	26.75	0.00	0.00	2	1	79	1	0	0	0.00	1061301	3842285	0	0	26.94	-0.58	9.38	1	0	153
13:46	45.88	46.13	35.38	65.50	26.88	0.00	0.00	2	1	79	1	0	0	0.00	1071148	3902426	0	0	26.69	-0.50	9.38	1	0	155
13:47	45.88	46.13	35.38	65.63	26.88	0.00	0.00	2	1	79	1	0	0	0.00	1081079	3962457	0	0	26.81	-0.78	9.38	1	0	155
13:48	46.00	46.13	35.50	66.00	26.88	0.00	0.06	2	1	79	1	0	0	0.00	1090977	4022479	0	0	27.19	-0.08	9.50	1	0	153
13:49	46.00	46.13	35.50	65.25	27.00	0.00	0.01	2	1	79	1	0	0	0.00	1100938	4082591	0	0	26.44	0.63	9.50	1	0	153
13:50	46.13	46.13	35.63	65.25	27.00	0.00	0.13	2	1	79	1	0	0	0.00	1110841	4142738	0	0	26.44	0.30	9.63	1	0	154
13:51	46.25	46.13	35.63	65.50	27.00	0.00	0.10	2	1	79	1	0	0	0.00	1120745	4202739	0	0	26.69	-0.60	9.75	1	0	153
13:52	46.38	46.13	35.63	66.00	27.13	0.00	0.17	2	1	79	1	0	0	0.00	1130795	4262936	0	0	27.19	0.33	9.88	1	0	154
13:53	46.50	46.13	35.63	65.75	27.13	0.00	0.18	2	1	79	1	0	0	0.00	1140704	4323055	0	0	26.94	0.38	10.00	1	0	153
13:54	46.50	46.13	35.63	64.75	27.25	0.00	0.03	2	1	79	1	0	0	0.00	1150607	4383196	0	0	25.94	0.22	10.00	1	0	153
13:55	46.63	46.13	35.75	66.00	27.25	0.00	0.00	2	1	79	1	0	0	0.00	1160510	4443204	0	0	27.19	0.03	10.13	1	0	153
13:56	46.63	46.13	35.88	66.25	27.25	0.00	0.16	2	1	79	1	0	0	0.00	1170392	4503205	0	0	27.44	0.23	10.13	1	0	154
13:57	46.63	46.00	35.88	66.50	27.25	0.00	0.03	2	1	79	1	0	0	0.00	1180444	4563266	0	0	27.69	0.03	10.13	1	0	155
13:58	46.75	46.00	36.00	67.00	27.38	0.00	0.08	2	1	79	1	0	0	0.00	1190345	4623381	0	0	28.19	0.35	10.25	1	0	151
13:59	46.88	46.13	36.00	66.00	27.38	0.00	0.07	2	1	79	1	0	0	0.00	1200300	4683387	0	0	27.19	-0.58	10.38	1	0	152
14:0	47.00	46.13	36.13	66.50	27.38	0.00	0.07	2	1	79	1	0	0	0.00	1210201	4743388	0	0	27.69	0.02	10.50	1	0	154
14:1	47.13	46.00	36.13	66.50	27.38	0.00	0.07	2	1	79	1	0	0	0.00	1220099	4803530	0	0	27.69	-0.30	10.63	1	0	155
14:2	47.28	46.00	36.25	67.00	27.50	0.00	0.07	2	1	79	1	0	0	0.00	1230151	4863588	0	0	28.19	0.63	10.78	1	0	153
14:3	47.41	46.00	36.25	66.75	27.50	0.00	0.07	2	1	79	1	0	0	0.00	1240053	4923694	0	0	27.94	0.03	10.91	1	0	155
14:4	47.50	46.00	36.38	66.00	27.50	0.00	0.07	2	1	79	1	0	0	0.00	1249956	4983842	0	0	27.19	-0.33	11.00	1	0	156
14:5	47.63	46.00	36.38	66.88	27.50	0.00	0.17	2	1	79	1	0	0	0.00	1259683	5043849	0	0	28.06	1.10	11.13	1	0	154
14:6	47.75	46.00	36.50	67.50	27.63	0.00	0.18	2	1	79	1	0	0	0.00	1269737	5103862	0	0	28.69	0.51	11.25	1	0	154
14:7	47.75	46.00	36.63	67.50	27.63	0.00	0.03	2	1	79	1	0	0	0.00	1279639	5163922	0	0	28.69	-0.08	11.25	1	0	152
14:8	47.88	46.00	36.63	67.50	27.63	0.00	0.06	2	1	79	1	0	0	0.00	1289593	5224034	0	0	28.69	0.29	11.38	1	0	155
14:9	48.00	46.00	36.63	67.00	27.75	0.00	0.07	2	1	79	1	0	0	0.00	1299497	5284034	0	0	28.19	-0.70	11.50	1	0	153
14:10	48.00	46.00	36.75	66.75	27.75	0.00	0.01	2	1	79	1	0	0	0.00	1309346	5344178	0	0	27.94	-0.23	11.50	1	0	154
14:12	48.13	46.00	36.75	67.25	27.75	0.00	0.06	2	1	79	1	0	0	0.00	1319396	5404371	0	0	28.44	1.02	11.63	1	0	155
14:13	48.13	46.00	36.88	67.50	27.75	0.00	0.01	2	1	79	1	0	0	0.00	1329294	5464474	0	0	28.69	0.28	11.63	1	0	155
14:14	48.13	46.00	36.88	67.25	27.75	0.00	0.00	2	1	79	1	0	0	0.00	1339192	5524620	0	0	28.44	0.05	11.63	1	0	154
14:15	48.25	46.00	37.00	67.50	27.75	0.00	0.06	2	1	79	1	0	0	0.00	1349041	5584766	0	0	28.69	-0.32	11.75	1	0	154
14:16	48.34	46.00	37.00	66.75	27.88	0.00	0.01	2	1	79	1	0	0	0.00	1358945	5644828	0	0	27.94	-0.17	11.84	1	0	155
14:17	48.38	46.00	37.13	66.75	27.88	0.00	0.06	2	1	79	1	0	0	0.00	1368845	5704928	0	0	27.94	0.18	11.88	1	0	155
14:18	48.50	46.00	37.13	66.50	27.88	0.00	0.07	2	1	79	1	0	0	0.00	1378750	5765075	0	0	27.69	-0.12	12.00	1	0	158
14:19	48.63	46.00	37.13	66.25	27.88	0.00	0.17	2	1	79	1	0	0	0.00	1388653	5825075	0	0	27.44	0.62	12.13	1	0	154
14:20	48.63	46.00	37.25	67.63	27.88	0.00	0.03	2	1	79	1	0	0	0.00	1398462	5885306	0	0	28.81	-0.02	12.13	1	0	154
14:21	48.63	46.00	37.25	67.25	27.88	0.00	0.00	2	1	79	1	0	0	0.00	1408511	5945414	0	0	28.44	-0.10	12.13	1	0	154
14:22	48.50	46.00	37.38	67.00	28.00	0.00	-0.06	2	1	79	1	0	0	0.00	1418415	6005556	0	0	28.19	0.05	12.00	1	0	156
14:23	48.38	46.00	37.38	67.50	28.00	0.00	-0.07	2	1	79	1	0	0	0.00	1428320	6065707	0	0	28.69	0.01	11.88	1	0	154
14:24	48.38	46.00	37.50	67.25	28.00	0.00	-0.01	2	1	79	1	0	0	0.00	1438221	6125753	0	0	28.44	-0.43	11.88	1	0	154
14:25	48.38	46.00	37.50	67.50	28.00	0.00	0.00	2	1	79	1	0	0	0.00	1448070	6185860	0	0	28.69	0.37	11.88	1	0	156
14:26	48.50	46.00	37.50	67.00	28.00	0.00	0.16	2	1	79	1	0	0	0.00	1458123	6245865	0	0	28.19	-0.25	12.00	1	0	156
14:27	48.50	46.00	37.63	67.25	28.00	0.00	0.03	2	1	79	1	0	0	0.00	1468025	6305866	0	0	28.44	-0.28	12.00	1	0	154
14:28	48.63	46.00	37.50	67.00	28.00	0.00	0.06	r	0	79	0	0	0	0.00	1468025	6326330	0	0	-0.50	-0.20	0.03	0	0	155
14:29	48.88	46.00	37.50	66.38	28.00	0.00	0.22	R	0	35	0	0	0	0.00	1468025	6326330	0	0	-0.13	-0.35	0.13	0	0	123
14:30	49.13	45.88	37.38	63.75	28.13	0.00	0.35	P	0	0	0	0	0	0.00	1468025	6326330	0	0	-0.50	-2.05	0.13	0	0	176
14:31	49.63	46.00	37.50	59.75	28.13	0.00	0.43	P	0	0	0	0	0	0.00	1468025	6326330	0	0	-4.50	-3.13	0.63	5	0	176
14:32	50.00	46.00	37.75	57.75	28.13	0.00	0.33	P	0	0	0	0	0	0.00	1468025	6326330	0	0	-6.50	-1.85	1.00	5	0	176
14:33	50.25	46.00	38.00	56.00	28.25	0.00	0.32	P	0	0	0	0	0	0.00	1468025	6326330	0	0	-8.25	-1.95	1.25	5	0	176
14:34	50.75	45.88	38.25	54.50	28.38	0.00	0.42	P	0	0	0	0	0	0.00	1468025	6326330	0	0	-9.75	-0.53	1.75	0	0	176
14:35	51.00	45.88	38.50	54.50	28.38	0.00	0.33	P	0	0	0	0	0	0.00	1472973	6326330	0	0	-9.75	0.13	2.00	0	0	176
14:36	51.38	45.88	38.75	53.25	28.50	0.00	0.26	P	0	0	0	0	0	0.00	1472973	6326330	0	0	-11.00	-1.47	2.38	0	0	176
14:37	51.75	45.88	39.13	52.00	28.50	0.00	0.31	P	0	0	0	0	0	0.00	1472973	6326330	0	0	-12.25	-1.85	2.75	0	0	176
14:38	52.00	45.88	39.38	50.88	28.63	0.00	0.32	P	0	0	0	0	0	0.00	1472973	6326330	0	0	-13.38	-1.52	3.00	0	0	176
14:39	52.25	45.88	39.63	50.00	28.75	0.00	0.26	P	0	0	0	0	0	0.00	1472973	6326330	0	0	-14.25	-1.27	3.25	0	0	176
14:40	52.53	45.88	39.88	50.50	28.88	0.00	0.25	P	0	0	0	0	0	0.00	1472973	6326330	0	0	-13.75	0.47	3.53	0	0	176
14:41	52.88	45.88	40.13	49.50	29.00	0.00	0.25	P	0	0	0	0	0	0.00	1472973	6326330	0	0	-14.75	-1.48	3.88	0	0	176
14:42	53.13	45.88	40.25	48.00	29.13	0.00	0.41	P	0	0	0	0	0	0.00	1472973	6326330	0	0	-16.25	-1.52	4.13	0	0	176
14:43	53.38	45.88	40.50	47.25	29.25	0.00	0.38	P	0	0	0	0	0	0.00	1472973	6326330	0	0	-17.00	-0.52	4.38	0	0	176
14:44	53.63	45.88	40.75	47.25	29.38	0.00	0.11	P	0	0	0	0	0	0.00	1472973	6326330	0	0	-17.00	-1.00	4.63	0	0	176
14:45	53.75	45.88	40.75	47.75	29.50	0.00	0.22	z	0	0	0	1	0	0.00	1477872	6326330	13346	0	0.25	1.32	0.00	0	0	176
14:46	54.00	45.88	40.13	46.75	29.63	0.00	0.25	z	0	0	0	1	0	0.00	1477872	6326330	73350	0	-0.75	-0.52	0.25	0	0	176
14:47	54.00	46.00	42.38	46.06	29.75	0.00	0.03	z	0	0	0	1	0	0.00	1477872	6326330	133379	0	-1.44	-0.67	0.25	0	0	176
14:48	53.63	46.13	43.88	45.75	29.75	0.00	-0.22	z	0	0	0	0	0	0.00	1477872	6326330	180045	0	-1.75	-1.15	-0.13	0	0	176
14:49	53.03	46.38	44.50	45.25	30.00	0.00	-0.52	z	0	0	0	0	0	0.00	1477872	6326330	180045	0	-2.25	-0.48	-0.72	0	0	176
14:50	52.63	46.50	44.50	44.50	30.13	0.00	-0.35	z	0	0	0	0	0	0.00	1477872	6326330	180045	0	-3.00	-0.96	-1.13	0	0	176
14:51	52.38	46.63	44.25	44.00	30.25	0.00	-0.32	z	0	0	0	0	0	0.00	1477872	6326330	180045	0	-3.50	-0.72	-1.38	0	0	176
14:52	52.13	46.75	43.75	44.25	30.38	0.00	-0.26	z	0	0	0	0	0	0.00	1477872	6326330	180045	0	-3.25	-0.41	-1.63	0	0	176
14:53	51.88	46.88	43.25	43.50	30.38	0.00	-0.25	z	0	0	1	0	0	0.00	1477872	6340152	180045	0	-4.00	-0.17	-1.88	0	0	176
14:54	51.63	46.88	39.00	43.00	30.50	0.00	-0.25	z	0	0	1	0	0	0.00	1477872	6400264	180045	0	-4.50	-0.65	-2.13	0	0	176
14:55	51.25	47.00	35.88	42.50	30.63	0.00	-0.25	z	0	0	1	0	0	0.00	1477872	6460410	180045	0	-5.00	-0.33	-2.50	0	0	176
14:56	50.88	47.00	33.50	42.75	30.75	0.00	-0.47	z	0	0	0	0	0	0.00	1477872	6506455	180045	0	-4.75	0.35	-2.88	0	0	176
14:57	50.59	47.00	32.25	42.25	30.88	0.00	-0.28	z	0	0	0	0	0	0.00	1477872	6506455	180045	0	-5.25	0.14	-3.16	0	0	176
14:58	50.38	47.00	31.88	41.75	31.00	0.00	-0.25	z	0	0	0	0	0	0.00	1477872	6506455	180045	0	-5.75	0.18	-3.38	0	0	176
14:59	50.13	47.00	31.63	41.75	31.13	0.00	-0.25	z	0	0	0	0	0	0.00	1477872	6506455	180045	0	-5.75	-0.40	-3.63	0	0	176
15:0	50.00	47.00	31.38	41.50	31.13	0.00	-0.19	z	0	0	0	0	0	0.00	1477872	6506455	180045	0	-6.00	-0.70	-3.75	0	0	176
15:1	49.88	47.00	31.13	41.00	31.25	0.00	-0.18	z	0	0	0	1	0	0.00	1477872	6506455	194445	0	-6.50	-0.10	-3.88	0	0	176
15:2	49.75	47.00	35.25	40.75	31.38	0.00	-0.18	z	0	0	0	1	0	0.00	1477872	6506455	254499	0	-6.75	0.20	-4.00	0	0	176
15:3	48.88	47.00	38.88	40.75	31.38	0.00	-0.77	z	0	0	0	1	0	0.00	1477872	6506455	314610	0	-6.75	-0.40	-4.88	0	0	176
15:4	47.63	47.00	40.00	40.25	31.50	0.00	-1.20	z	0	0	0	0	0	0.00	1477872	6510807	355714	0	-7.25	-0.70	-6.13	0	0	176
15:5	46.50	47.00	38.50	40.19	31.50	0.00	-1.09	z	0	0	0	0	0	0.00	1477872	6510807	355714	0	-7.31	-0.14	-7.25	0	0	176
15:6	45.75	47.00	37.88	39.00	31.63	0.00	-0.69	z	0	0	0	0	0	0.00	1477872	6510807	355714	0	-8.50	-0.23	-8.00	0	0	176
15:7	45.25	47.00	37.38	39.50	31.75	0.00	-0.57	z	0	0	0	0	0	0.00	1477872	6510807	355714	0	-8.00	0.16	-8.50	0	0	176
15:8	44.88	46.88	37.00	39.75	31.75	0.00	-0.29	z	0	0	0	0	0	0.00	1477872	6510807	355714	0	-7.75	-0.20	-8.88	0	0	176
15:9	44.63	46.88	36.75	39.00	31.75	0.00	-0.31	z	0	0	1	0	0	0.00	1477872	6525807	355714	0	-8.50	0.17	-9.13	0	0	176
15:10	44.38	46.88	33.75	39.00	31.88	0.00	-0.10	z	0	0	1	0	0	0.00	1477872	6585811	355714	0	-8.50	-0.20	-9.38	0	0	176
15:11	44.25	46.88	31.88	39.00	31.88	0.00	-0.22	z	0	0	1	0	0	0.00	1477872	6645815	355714	0	-8.50	0.17	-9.50	0	0	176
15:12	44.13	46.88	31.00	38.75	31.88	0.00	-0.19	z	0	0	0	0	0	0.00	1477872	6690821	355714	0	-8.75	0.32	-9.63	0	0	176
15:13	44.00	46.88	30.63	37.50	32.00	0.00	-0.08	z	0	0	0	0	0	0.00	1477872	6690821	355714	0	-10.00	-0.58	-9.75	0	0	176
15:14	43.88	46.88	30.38	38.00	32.00	0.00	-0.17	z	0	0	0	0	0	0.00	1477872	6693177	355714	0	-9.50	-0.22	-9.88	0	0	176
15:15	43.88	46.75	30.25	37.75	32.00	0.00	-0.03	z	0	0	0	0	0	0.00	1477872	6693177	355714	0	-9.75	0.03	-9.88	0	0	176
15:16	43.78	46.88	30.00	37.75	32.00	0.00	-0.16	z	0	0	0	0	0	0.00	1477872	6693177	355714	0	-9.75	-0.05	-9.97	0	0	176
15:17	43.75	46.75	30.00	37.50	32.13	0.00	-0.03	z	0	0	0	0	0	0.00	1477872	6693177	355714	0	-10.00	0.08	-10.00	0	0	176
15:18	43.75	46.75	29.88	37.25	32.13	0.00	0.00	z	0	0	0	0	0	0.00	1477872	6693177	355714	0	-10.25	-0.02	-10.00	0	0	176
15:19	43.75	46.75	29.75	37.50	32.13	0.00	0.00	z	0	0	0	0	0	0.00	1477872	6693177	355714	0	-10.00	0.63	-10.00	0	0	176
15:20	43.75	46.75	29.63	36.50	32.13	0.00	0.00	z	0	0	0	0	0	0.00	1477872	6693177	355714	0	-11.00	0.02	-10.00	0	0	176
15:21	43.63	46.75	29.63	37.00	32.13	0.00	0.03	z	0	0	0	0	0	0.00	1477872	6693177	355714	0	-10.50	-0.01	-10.13	0	0	176
15:22	43.63	46.75	29.63	36.50	32.13	0.00	-0.05	z	0	0	0	0	0	0.00	1477872	6693177	355714	0	-11.00	0.00	-10.13	0	0	176
15:23	43.63	46.75	29.63	36.13	32.13	0.00	-0.01	z	0	0	0	0	0	0.00	1477872	6693177	355714	0	-11.38	-0.43	-10.13	0	0	176
15:24	43.63	46.75	29.63	36.25	32.13	0.00	0.00	z	0	0	0	0	0	0.00	1477872	6693177	355714	0	-11.25	-0.66	-10.13	0	0	176
15:25	43.63	46.75	29.63	36.00	32.13	0.00	0.00	z	0	0	0	0	0	0.00	1477872	6693177	355714	0	-11.50	0.37	-10.13	0	0	176
15:26	43.63	46.75	29.63	36.00	32.13	0.00	0.00	z	0	0	0	0	0	0.00	1477872	6693177	355714	0	-11.50	-0.05	-10.13	0	0	176
15:27	43.63	46.75	29.75	36.25	32.13	0.00	0.00	z	0	0	0	0	0	0.00	1477872	6693177	355714	0	-11.25	-0.33	-10.13	0	0	176
15:28	43.63	46.75	29.75	36.00	32.13	0.00	0.00	z	0	0	0	0	0	0.00	1477872	6693177	355714	0	-11.50	-0.17	-10.13	0	0	176
15:29	43.63	46.75	29.75	36.50	32.13	0.00	0.00	z	0	0	0	0	0	0.00	1477872	6693177	355714	0	-11.00	-0.65	-10.13	0	0	176
15:30	43.50	46.75	29.75	35.75	32.13	0.00	-0.16	z	0	0	0	0	0	0.00	1477872	6693177	355714	0	-11.75	-0.07	-10.25	0	0	176
15:31	43.50	46.75	29.88	35.75	32.13	0.00	0.05	z	0	0	0	0	0	0.00	1477872	6693177	355714	0	-11.75	-0.52	-10.25	0	0	176
15:32	43.50	46.75	29.88	36.00	32.13	0.00	-0.02	z	0	0	0	0	0	0.00	1477872	6693177	355714	0	-11.50	0.03	-10.25	0	0	176
15:33	43.50	46.75	29.88	36.00	32.13	0.00	-0.00	z	0	0	0	0	0	0.00	1477872	6693177	355714	0	-11.50	0.22	-10.25	0	0	176
15:34	43.50	46.75	29.88	35.50	32.13	0.00	0.00	z	0	0	0	0	0	0.00	1477872	6693177	355714	0	-12.00	0.43	-10.25	0	0	176
15:35	43.50	46.75	30.00	35.00	32.00	0.00	0.00	z	0	0	0	0	0	0.00	1477872	6693177	355714	0	-12.50	0.15	-10.25	0	0	176
15:36	43.50	46.75	30.00	35.25	32.00	0.00	0.00	z	0	0	0	0	0	0.00	1477872	6693177	355714	0	-12.25	0.02	-10.25	0	0	176
15:37	43.50	46.75	30.13	35.75	32.00	0.00	0.00	z	0	0	0	0	0	0.00	1477872	6693177	355714	0	-11.75	0.00	-10.25	0	0	176
15:38	43.50	46.75	30.13	35.25	32.00	0.00	-0.04	z	0	0	0	0	0	0.00	1477872	6693177	355714	0	-12.25	0.13	-10.25	0	0	176
15:39	43.50	46.75	30.13	35.25	32.00	0.00	-0.05	z	0	0	0	0	0	0.00	1477872	6693177	355714	0	-12.25	-0.55	-10.25	0	0	176
15:40	43.38	46.75	30.13	35.50	32.00	0.00	-0.08	z	0	0	0	0	0	0.00	1477872	6693177	355714	0	-12.00	0.03	-10.38	0	0	176
15:42	43.38	46.75	30.25	35.19	32.00	0.00	-0.01	z	0	0	0	0	0	0.00	1477872	6693177	355714	0	-12.31	0.02	-10.38	0	0	176
15:43	43.38	46.75	30.25	35.25	32.00	0.00	0.00	z	0	0	0	0	0	0.00	1477872	6693177	355714	0	-12.25	-0.20	-10.38	0	0	176
15:44	43.38	46.75	30.25	35.25	31.88	0.00	0.00	z	0	0	0	0	0	0.00	1477872	6693177	355714	0	-12.25	-0.47	-10.38	0	0	176
15:45	43.38	46.75	30.25	35.25	31.88	0.00	0.00	z	0	0	0	0	0	0.00	1477872	6693177	355714	0	-12.25	0.02	-10.38	0	0	176
15:46	43.38	46.75	30.38	35.25	31.88	0.00	0.00	z	0	0	0	0	0	0.00	1477872	6693177	355714	0	-12.25	-0.30	-10.38	0	0	176
15:47	43.38	46.75	30.38	35.25	31.88	0.00	0.00	z	0	0	0	0	0	0.00	1477872	6693177	355714	0	-12.25	-0.13	-10.38	0	0	176
15:48	43.28	46.75	30.38	35.00	31.88	0.00	0.00	z	0	0	0	0	0	0.00	1477872	6693177	355714	0	-12.50	-0.13	-10.47	0	0	176
15:49	43.25	46.75	30.38	34.75	31.88	0.00	-0.08	z	0	0	0	0	0	0.00	1477872	6693177	355714	0	-12.75	-0.12	-10.50	0	0	176
15:50	43.25	46.63	30.50	34.75	31.75	0.00	-0.01	z	0	0	0	0	0	0.00	1477872	6693177	355714	0	-12.75	-0.02	-10.50	0	0	176
15:51	43.25	46.75	30.50	34.50	31.75	0.00	0.00	z	0	0	0	0	0	0.00	1477872	6693177	355714	0	-13.00	-0.63	-10.50	0	0	176
15:52	43.25	46.63	30.50	34.50	31.75	0.00	0.00	z	0	0	0	0	0	0.00	1477872	6693177	355714	0	-13.00	-0.50	-10.50	0	0	176
15:53	43.25	46.63	30.50	34.50	31.75	0.00	0.00	z	0	0	0	0	0	0.00	1477872	6693177	355714	0	-13.00	-0.27	-10.50	0	0	176
15:54	43.25	46.63	30.50	34.75	31.75	0.00	0.00	z	0	0	0	0	0	0.00	1477872	6693177	355714	0	-12.75	0.40	-10.50	0	0	176
15:55	43.25	46.63	30.63	34.75	31.63	0.00	0.00	z	0	0	0	0	0	0.00	1477872	6693177	355714	0	-12.75	0.35	-10.50	0	0	176
15:56	43.13	46.63	30.63	34.75	31.63	0.00	-0.04	z	0	0	0	0	0	0.00	1477872	6693177	355714	0	-12.75	0.65	-10.63	0	0	176
15:57	43.13	46.63	30.63	34.75	31.63	0.00	-0.15	z	0	0	0	0	0	0.00	1477872	6693177	355714	0	-12.75	0.30	-10.63	0	0	176
15:58	43.13	46.63	30.63	34.75	31.63	0.00	-0.02	z	0	0	0	0	0	0.00	1477872	6693177	355714	0	-12.75	-0.28	-10.63	0	0	176
15:59	43.13	46.63	30.63	35.00	31.63	0.00	0.00	z	0	0	0	0	0	0.00	1477872	6693177	355714	0	-12.50	-0.05	-10.63	0	0	176
16:0	43.13	46.63	30.63	34.56	31.63	0.00	0.00	z	0	0	0	0	0	0.00	1477872	6693177	355714	0	-12.94	-0.08	-10.63	0	0	176
16:1	43.13	46.63	30.63	34.50	31.50	0.00	0.00	z	0	0	0	0	0	0.00	1477872	6693177	355714	0	-13.00	0.07	-10.63	0	0	176
16:2	43.13	46.63	30.63	34.50	31.50	0.00	0.00	z	0	0	0	0	0	0.00	1477872	6693177	355714	0	-13.00	0.02	-10.63	0	0	176
16:3	43.13	46.63	30.75	34.00	31.50	0.00	-0.04	z	0	0	0	0	0	0.00	1477872	6693177	355714	0	-13.50	-0.47	-10.63	0	0	176
16:4	43.00	46.63	30.75	34.50	31.50	0.00	-0.05	z	0	0	0	0	0	0.00	1477872	6693177	355714	0	-13.00	0.24	-10.75	0	0	176
16:5	43.00	46.63	30.75	34.25	31.38	0.00	-0.01	z	0	0	0	0	0	0.00	1477872	6693177	355714	0	-13.25	0.33	-10.75	0	0	176
16:6	43.00	46.63	30.75	34.00	31.38	0.00	0.00	z	0	0	0	0	0	0.00	1477872	6693177	355714	0	-13.50	-0.07	-10.75	0	0	176
16:7	43.00	46.63	30.75	33.75	31.38	0.00	0.00	z	0	0	0	0	0	0.00	1477872	6693177	355714	0	-13.75	-0.93	-10.75	0	0	176
16:8	43.00	46.63	30.75	34.50	31.38	0.00	0.00	z	0	0	0	0	0	0.00	1477872	6693177	355714	0	-13.00	0.55	-10.75	0	0	176
16:9	43.00	46.63	30.75	34.13	31.38	0.00	0.00	z	0	0	0	0	0	0.00	1477872	6693177	355714	0	-13.38	-0.01	-10.75	0	0	176
16:10	43.00	46.63	30.75	34.50	31.25	0.00	0.00	z	0	0	0	0	0	0.00	1477872	6693177	355714	0	-13.00	0.50	-10.75	0	0	176
16:11	43.00	46.63	30.88	34.50	31.25	0.00	0.00	z	0	0	0	0	0	0.00	1477872	6693177	355714	0	-13.00	0.28	-10.75	0	0	176
16:12	43.00	46.63	30.88	34.25	31.25	0.00	-0.12	z	0	0	0	0	0	0.00	1477872	6693177	355714	0	-13.25	0.39	-10.75	0	0	176
16:13	42.88	46.63	30.88	34.50	31.25	0.00	-0.11	z	0	0	0	0	0	0.00	1477872	6693177	355714	0	-13.00	-0.03	-10.88	0	0	176
16:14	42.88	46.50	30.88	34.00	31.13	0.00	-0.01	z	0	0	0	0	0	0.00	1477872	6693177	355714	0	-13.50	-0.41	-10.88	0	0	176
16:15	42.88	46.63	30.88	33.50	31.13	0.00	0.00	z	0	0	0	0	0	0.00	1477872	6693177	355714	0	-14.00	-0.70	-10.88	0	0	176
16:16	42.88	46.63	30.88	34.50	31.13	0.00	0.00	z	0	0	0	0	0	0.00	1477872	6693177	355714	0	-13.00	0.37	-10.88	0	0	176
16:17	42.88	46.50	30.88	34.25	31.13	0.00	0.00	z	0	0	0	0	0	0.00	1477872	6693177	355714	0	-13.25	-0.20	-10.88	0	0	176
16:18	42.88	46.50	30.88	34.06	31.00	0.00	0.00	z	0	0	0	0	0	0.00	1477872	6693177	355714	0	-13.44	-0.16	-10.88	0	0	176
16:19	42.88	46.50	30.88	34.00	31.00	0.00	0.00	z	0	0	0	0	0	0.00	1477872	6693177	355714	0	-13.50	-0.42	-10.88	0	0	176
16:20	42.75	46.50	30.88	34.00	31.00	0.00	-0.06	z	0	0	0	0	0	0.00	1477872	6693177	355714	0	-13.50	0.33	-11.00	0	0	176
16:21	42.75	46.50	30.88	34.00	31.00	0.00	-0.01	z	0	0	0	0	0	0.00	1477872	6693177	355714	0	-13.50	0.27	-11.00	0	0	176
16:22	42.75	46.50	30.88	33.75	30.88	0.00	0.00	z	0	0	0	0	0	0.00	1477872	6693177	355714	0	-13.75	-0.03	-11.00	0	0	176
16:23	42.75	46.50	30.88	34.25	30.88	0.00	0.00	z	0	0	0	0	0	0.00	1477872	6693177	355714	0	-13.25	0.43	-11.00	0	0	176
16:24	42.75	46.50	30.88	34.25	30.88	0.00	0.08	z	0	0	0	0	0	0.00	1477872	6693177	355714	0	-13.25	0.07	-11.00	0	0	176
16:25	42.88	46.50	30.88	34.25	30.88	0.00	0.01	z	0	0	0	0	0	0.00	1477872	6693177	355714	0	-13.25	0.20	-10.88	0	0	176
16:26	42.88	46.50	30.88	33.75	30.75	0.00	0.00	z	0	0	0	0	0	0.00	1477872	6693177	355714	0	-13.75	-0.40	-10.88	0	0	176
16:27	42.88	46.50	30.88	33.94	30.75	0.00	0.00	z	0	0	0	0	0	0.00	1477872	6693177	355714	0	-13.56	-0.15	-10.88	0	0	176
16:28	42.88	46.50	30.88	34.00	30.75	0.00	0.00	z	0	0	0	0	0	0.00	1477872	6693177	355714	0	-13.50	-0.22	-10.88	0	0	176
16:29	42.88	46.50	30.88	34.00	30.75	0.00	0.00	z	0	0	0	0	0	0.00	1477872	6693177	355714	0	-13.50	-0.03	-10.88	0	0	176
16:30	42.88	46.50	30.88	34.00	30.63	0.00	0.00	z	0	0	0	0	0	0.00	1477872	6693177	355714	0	-13.50	0.00	-10.88	0	0	176
16:31	42.88	46.50	30.88	33.75	30.63	0.00	0.00	z	0	0	0	0	0	0.00	1477872	6693177	355714	0	-13.75	-0.03	-10.88	0	0	176
16:32	42.88	46.50	30.88	33.75	30.63	0.00	0.00	z	0	0	0	0	0	0.00	1477872	6693177	355714	0	-13.75	-0.08	-10.88	0	0	176
16:33	42.88	46.50	30.88	34.00	30.63	0.00	0.00	z	0	0	0	0	0	0.00	1477872	6693177	355714	0	-13.50	0.10	-10.88	0	0	176
16:34	42.88	46.50	30.88	33.75	30.50	0.00	0.00	z	0	0	0	0	0	0.00	1477872	6693177	355714	0	-13.75	-0.30	-10.88	0	0	176
16:35	42.88	46.50	30.88	34.00	30.50	0.00	0.00	z	0	0	0	0	0	0.00	1477872	6693177	355714	0	-13.50	0.27	-10.88	0	0	176
16:36	42.88	46.50	30.88	33.75	30.50	0.00	0.00	z	0	0	0	0	0	0.00	1477872	6693177	355714	0	-13.75	-0.07	-10.88	0	0	176
16:37	42.88	46.50	30.88	33.25	30.50	0.00	0.00	z	0	0	0	0	0	0.00	1477872	6693177	355714	0	-14.25	-0.25	-10.88	0	0	176
16:38	42.88	46.50	30.88	33.75	30.38	0.00	0.00	z	0	0	0	0	0	0.00	1477872	6693177	355714	0	-13.75	0.00	-10.88	0	0	176
16:39	42.88	46.50	30.88	34.00	30.38	0.00	0.00	z	0	0	0	0	0	0.00	1477872	6693177	355714	0	-13.50	0.12	-10.88	0	0	176
16:40	42.88	46.50	30.88	33.69	30.38	0.00	0.00	z	0	0	0	0	0	0.00	1477872	6693177	355714	0	-13.81	-0.38	-10.88	0	0	176
16:41	42.88	46.38	30.88	33.75	30.38	0.00	0.00	z	0	0	0	0	0	0.00	1477872	6693177	355714	0	-13.75	-0.38	-10.88	0	0	176
16:42	42.88	46.50	30.88	33.00	30.25	0.00	0.00	z	0	0	0	0	0	0.00	1477872	6693177	355714	0	-14.50	0.06	-10.88	0	0	176
16:43	42.75	46.50	30.88	33.50	30.25	0.00	0.00	z	0	0	0	0	0	0.00	1477872	6693177	355714	0	-14.00	0.93	-11.00	0	0	176
16:44	42.78	46.50	30.88	33.50	30.25	0.00	0.10	z	0	0	0	0	0	0.00	1477872	6693177	355714	0	-14.00	-0.72	-10.97	0	0	176
16:45	42.84	46.50	30.88	33.50	30.25	0.00	-0.08	z	0	0	0	0	0	0.00	1477872	6693177	355714	0	-14.00	-0.22	-10.91	0	0	176
16:46	42.75	46.38	30.88	33.75	30.13	0.00	-0.13	z	0	0	0	0	0	0.00	1477872	6693177	355714	0	-13.75	0.37	-11.00	0	0	176
16:47	42.75	46.38	30.88	33.75	30.13	0.00	0.11	z	0	0	0	0	0	0.00	1477872	6693177	355714	0	-13.75	-0.26	-11.00	0	0	176
16:48	42.75	46.38	30.88	33.75	30.13	0.00	-0.11	z	0	0	0	0	0	0.00	1477872	6693177	355714	0	-13.75	0.07	-11.00	0	0	176
16:49	42.75	46.38	30.88	33.56	30.13	0.00	-0.02	z	0	0	0	0	0	0.00	1477872	6693177	355714	0	-13.94	-0.93	-11.00	0	0	176
16:50	42.75	46.38	30.88	33.25	30.00	0.00	0.00	z	0	0	0	0	0	0.00	1477872	6693177	355714	0	-14.25	0.16	-11.00	0	0	176
16:51	42.75	46.38	30.88	33.75	30.00	0.00	0.00	z	0	0	0	0	0	0.00	1477872	6693177	355714	0	-13.75	0.53	-11.00	0	0	176
16:52	42.75	46.38	30.88	33.50	30.00	0.00	0.00	z	0	0	0	0	0	0.00	1477872	6693177	355714	0	-14.00	0.08	-11.00	0	0	176
16:53	42.75	46.38	30.88	33.50	30.00	0.00	0.00	z	0	0	0	0	0	0.00	1477872	6693177	355714	0	-14.00	-0.12	-11.00	0	0	176
16:54	42.75	46.38	30.75	33.50	29.88	0.00	0.00	z	0	0	0	0	0	0.00	1477872	6693177	355714	0	-14.00	-0.65	-11.00	0	0	176
16:55	42.88	46.38	30.75	33.25	29.88	0.00	0.00	z	0	0	0	0	0	0.00	1477872	6693177	355714	0	-14.25	0.01	-10.88	0	0	176
16:56	42.88	46.38	30.75	33.25	29.88	0.00	0.06	z	0	0	0	0	0	0.00	1477872	6693177	355714	0	-14.25	-0.13	-10.88	0	0	176
16:57	42.88	46.38	30.75	33.75	29.75	0.00	0.01	z	0	0	0	0	0	0.00	1477872	6693177	355714	0	-13.75	0.30	-10.88	0	0	176
16:58	42.88	46.38	30.75	32.81	29.75	0.00	0.00	z	0	0	0	0	0	0.00	1477872	6693177	355714	0	-14.69	-0.15	-10.88	0	0	176
16:59	42.88	46.38	30.75	33.75	29.75	0.00	0.00	z	0	0	0	0	0	0.00	1477872	6693177	355714	0	-13.75	0.05	-10.88	0	0	176
17:0	42.88	46.38	30.75	33.75	29.75	0.00	0.00	z	0	0	0	0	0	0.00	1477872	6693177	355714	0	-13.75	-0.08	-10.88	0	0	176
17:1	42.88	46.38	30.75	33.25	29.63	0.00	0.00	z	0	0	0	0	0	0.00	1477872	6693177	355714	0	-14.25	-0.10	-10.88	0	0	176
17:2	42.88	46.38	30.75	33.00	29.63	0.00	0.00	z	0	0	0	0	0	0.00	1477872	6693177	355714	0	-14.50	-0.13	-10.88	0	0	176
17:3	42.88	46.38	30.75	33.00	29.63	0.00	0.00	z	0	0	0	0	0	0.00	1477872	6693177	355714	0	-14.50	0.18	-10.88	0	0	176
17:4	42.88	46.38	30.75	33.00	29.50	0.00	0.00	z	0	0	0	0	0	0.00	1477872	6693177	355714	0	-14.50	-0.60	-10.88	0	0	176
17:5	42.88	46.38	30.75	33.50	29.50	0.00	0.00	z	0	0	0	0	0	0.00	1477872	6693177	355714	0	-14.00	0.82	-10.88	0	0	176
17:6	42.88	46.38	30.75	33.25	29.50	0.00	0.00	z	0	0	0	0	0	0.00	1477872	6693177	355714	0	-14.25	-0.60	-10.88	0	0	176
17:7	42.88	46.38	30.63	33.75	29.38	0.00	0.00	F	1	84	0	0	0	0.00	1497818	6693327	355714	0	0.00	0.63	0.00	0	1	160
17:8	42.88	46.38	30.63	34.00	29.38	0.00	0.00	F	1	84	0	0	0	0.00	1497818	6693327	355714	0	0.50	0.83	0.00	0	1	158
17:9	42.88	46.38	30.63	36.50	29.25	0.00	0.00	F	1	84	0	0	0	0.00	1497818	6693327	355714	0	3.00	1.53	0.00	0	1	158
17:10	42.88	46.38	30.63	38.00	29.13	0.00	0.00	F	1	84	0	0	0	0.00	1517769	6693327	355714	0	4.50	1.20	0.00	0	0	159
17:11	43.13	46.25	30.63	39.88	29.13	0.00	0.16	F	1	84	0	0	0	0.00	1517769	6693327	355714	0	6.38	1.88	0.25	0	1	158
17:13	43.38	46.38	30.75	40.75	29.00	0.00	0.24	F	1	84	0	0	0	0.00	1537715	6693327	355714	0	7.25	1.88	0.50	0	1	156
17:14	43.75	46.38	30.88	42.25	28.88	0.00	0.33	F	1	84	0	0	0	0.00	1537715	6693327	355714	0	8.75	1.00	0.88	0	1	153
17:15	44.13	46.25	31.00	42.75	28.75	0.00	0.29	F	1	84	0	0	0	0.00	1537715	6693327	355714	0	9.25	1.32	1.25	0	1	154
17:16	44.50	46.38	31.25	43.50	28.50	0.00	0.31	F	1	84	0	0	0	0.00	1557517	6693327	355714	0	10.00	1.33	1.63	0	1	151
17:17	44.88	46.25	31.50	45.25	28.38	0.00	0.47	F	1	84	0	0	0	0.00	1557517	6693327	355714	0	11.75	1.65	2.00	0	1	153
17:18	45.38	46.25	31.75	45.75	28.25	0.00	0.37	F	1	84	0	0	0	0.00	1577474	6693327	355714	0	12.25	0.03	2.50	0	0	153
17:19	46.00	46.25	29.00	48.00	28.13	0.00	0.54	2	1	79	1	0	0	0.00	1587404	6751375	355714	0	2.13	1.74	0.59	0	0	157
17:20	46.50	46.25	26.13	49.00	28.00	0.00	0.51	2	1	79	1	0	0	0.00	1597303	6811525	355714	0	3.13	1.40	1.09	0	0	159
17:21	46.88	46.25	24.25	49.81	27.88	0.00	0.50	2	1	79	1	0	0	0.00	1607207	6871553	355714	0	3.94	1.04	1.47	0	0	156
17:22	47.25	46.25	23.38	51.25	27.75	0.00	0.44	2	1	79	1	0	0	0.00	1617054	6931570	355714	0	5.38	1.32	1.84	1	0	157
17:23	47.38	46.25	23.38	53.00	27.63	0.00	0.28	2	1	79	1	0	0	0.00	1627102	6991679	355714	0	7.13	2.00	1.97	1	0	157
17:24	47.13	46.25	24.25	53.00	27.63	0.00	0.03	2	1	79	1	0	0	0.00	1636972	7051681	355714	0	7.13	1.03	1.72	1	0	157
17:25	45.88	46.25	25.63	53.50	27.50	0.00	-0.79	2	1	79	1	0	0	0.00	1646871	7111681	355714	0	7.63	0.63	0.47	1	0	156
17:26	44.38	46.25	26.88	53.75	27.38	0.00	-1.47	2	1	79	0	0	0	0.00	1656766	7114983	355714	0	7.88	-0.23	-1.03	1	0	157
17:27	43.25	46.25	27.50	55.00	27.38	0.00	-1.26	2	1	79	0	0	0	0.00	1666815	7114983	355714	0	9.13	0.42	-2.16	1	0	155
17:28	42.41	46.25	27.50	56.00	27.38	0.00	-1.03	2	1	79	0	0	0	0.00	1676710	7114983	355714	0	10.13	0.85	-3.00	1	0	156
17:29	41.75	46.25	27.38	56.25	27.25	0.00	-0.78	2	1	79	0	0	0	0.00	1686608	7114983	355714	0	10.38	0.67	-3.66	1	0	157
17:30	41.13	46.25	27.25	57.06	27.25	0.00	-0.67	2	1	79	0	0	0	0.00	1696458	7114983	355714	0	11.19	1.03	-4.28	1	0	153
17:31	40.50	46.25	27.25	57.00	27.25	0.00	-0.56	2	1	79	0	0	0	0.00	1706510	7114983	355714	0	11.13	0.23	-4.91	1	0	155
17:32	40.13	46.25	27.38	58.50	27.25	0.00	-0.55	2	1	79	0	0	0	0.00	1716414	7114983	355714	0	12.63	1.72	-5.28	1	0	155
17:33	40.25	46.25	27.63	59.00	27.25	0.00	-0.13	2	1	79	0	0	0	0.00	1726161	7114983	355714	0	13.13	0.70	-5.16	1	0	154
17:34	40.75	46.25	28.00	59.25	27.25	0.00	0.37	2	1	79	0	0	0	0.00	1735911	7114983	355714	0	13.38	0.07	-4.66	1	0	155
17:35	41.50	46.25	28.63	58.75	27.25	0.00	0.77	2	1	79	0	0	0	0.00	1745817	7114983	355714	0	12.88	-0.08	-3.91	1	0	156
17:36	42.50	46.25	28.63	59.25	27.25	0.00	0.77	2	1	79	1	0	0	0.00	1755717	7148034	355714	0	13.38	0.30	-2.91	1	0	154
17:37	43.38	46.25	28.25	59.50	27.25	0.00	0.97	2	1	79	1	0	0	0.00	1765620	7208039	355714	0	13.63	1.20	-2.03	1	0	154
17:38	44.13	46.25	28.13	60.00	27.25	0.00	0.78	2	1	79	1	0	0	0.00	1775492	7268039	355714	0	14.13	0.18	-1.28	1	0	156
17:39	44.75	46.25	28.13	60.00	27.25	0.00	0.65	2	1	79	1	0	0	0.00	1785335	7328184	355714	0	14.13	0.52	-0.66	1	0	154
17:40	45.25	46.25	28.38	59.50	27.25	0.00	0.52	2	1	79	1	0	0	0.00	1795385	7388246	355714	0	13.63	0.28	-0.16	1	0	154
17:41	45.38	46.25	28.88	59.75	27.25	0.00	0.34	2	1	79	1	0	0	0.00	1805283	7448366	355714	0	13.88	-0.60	-0.03	1	0	155
17:42	45.13	46.25	29.50	59.50	27.25	0.00	-0.12	2	1	79	1	0	0	0.00	1815235	7508516	355714	0	13.63	-0.10	-0.28	1	0	153
17:43	44.50	46.25	30.13	60.25	27.25	0.00	-0.56	2	1	79	0	0	0	0.00	1825134	7542866	355714	0	14.38	0.43	-0.91	1	0	155
17:44	43.75	46.25	30.50	61.00	27.25	0.00	-0.73	2	1	79	0	0	0	0.00	1834986	7542866	355714	0	15.13	0.38	-1.66	1	0	157
17:45	43.38	46.13	30.63	60.75	27.25	0.00	-0.53	2	1	79	0	0	0	0.00	1845033	7542866	355714	0	14.88	0.48	-2.03	1	0	154
17:46	42.88	46.13	30.63	61.25	27.38	0.00	-0.34	2	1	79	1	0	0	0.00	1854934	7568071	355714	0	15.38	0.15	-2.53	1	0	155
17:47	42.50	46.13	30.75	61.50	27.38	0.00	-0.47	2	1	79	1	0	0	0.00	1864885	7628218	355714	0	15.63	0.37	-2.91	1	0	154
17:48	42.38	46.13	30.88	61.44	27.38	0.00	-0.18	2	1	79	1	0	0	0.00	1874787	7688226	355714	0	15.56	0.25	-3.03	1	0	153
17:49	42.50	46.13	31.13	61.50	27.38	0.00	-0.02	2	1	79	1	0	0	0.00	1884634	7748236	355714	0	15.63	-0.23	-2.91	1	0	154
17:50	42.66	46.13	31.25	61.75	27.50	0.00	0.22	2	1	79	1	0	0	0.00	1894686	7808293	355714	0	15.88	0.16	-2.75	1	0	155
17:51	42.63	46.13	31.38	61.50	27.50	0.00	0.03	2	1	79	1	0	0	0.00	1904591	7868411	355714	0	15.63	-0.17	-2.78	1	0	153
17:52	42.38	46.13	31.63	61.00	27.50	0.00	-0.16	2	1	79	1	0	0	0.00	1914542	7928413	355714	0	15.13	0.80	-3.03	1	0	154
17:53	42.13	46.13	31.88	61.50	27.50	0.00	-0.24	2	1	79	1	0	0	0.00	1924442	7988416	355714	0	15.63	0.30	-3.28	1	0	153
17:54	41.88	46.13	32.13	61.75	27.63	0.00	-0.25	2	1	79	0	0	0	0.00	1934342	8035123	355714	0	15.88	0.00	-3.53	1	0	155
17:55	41.75	46.13	32.13	61.50	27.63	0.00	-0.25	2	1	79	0	0	0	0.00	1944191	8035123	355714	0	15.63	0.11	-3.66	1	0	156
17:56	41.88	46.13	32.13	62.25	27.63	0.00	-0.03	2	1	79	0	0	0	0.00	1954240	8035123	355714	0	16.38	0.73	-3.53	1	0	155
17:57	42.13	46.13	32.00	62.94	27.75	0.00	0.06	2	1	79	1	0	0	0.00	1964145	8059454	355714	0	17.06	0.95	-3.28	1	0	156
17:58	42.75	46.13	31.88	63.25	27.75	0.00	0.60	2	1	79	1	0	0	0.00	1974098	8119579	355714	0	17.38	0.25	-2.66	1	0	156
17:59	43.50	46.13	31.75	63.25	27.75	0.00	0.74	2	1	79	1	0	0	0.00	1984001	8179584	355714	0	17.38	0.62	-1.91	1	0	155
18:0	44.38	46.00	31.63	63.00	27.75	0.00	0.75	2	1	79	1	0	0	0.00	1993864	8239783	355714	0	17.13	-0.34	-1.03	1	0	155
18:1	44.88	46.13	31.75	63.25	27.75	0.00	0.75	2	1	79	1	0	0	0.00	2003712	8299903	355714	0	17.38	0.13	-0.53	1	0	155
18:2	45.13	46.13	31.88	63.00	27.75	0.00	0.32	2	1	79	1	0	0	0.00	2013617	8360053	355714	0	17.13	-0.20	-0.28	1	0	159
18:3	45.25	46.00	32.13	63.00	27.88	0.00	0.25	2	1	79	1	0	0	0.00	2023519	8420057	355714	0	17.13	0.50	-0.16	1	0	157
18:4	45.00	46.00	32.50	63.75	27.88	0.00	-0.13	2	1	79	1	0	0	0.00	2033424	8480057	355714	0	17.88	0.52	-0.41	1	0	157
18:5	44.25	46.00	33.00	63.75	27.88	0.00	-0.60	2	1	79	0	0	0	0.00	2043328	8515973	355714	0	17.88	0.50	-1.16	1	0	157
18:6	43.88	46.00	33.13	63.50	27.88	0.00	-0.57	2	1	79	0	0	0	0.00	2053176	8515973	355714	0	17.63	-0.05	-1.53	1	0	157
18:7	43.75	46.13	33.13	64.50	27.88	0.00	-0.29	2	1	79	1	0	0	0.00	2063223	8569925	355714	0	18.63	0.30	-1.66	1	0	156
18:8	43.75	46.00	33.25	64.00	27.88	0.00	-0.15	2	1	79	1	0	0	0.00	2073113	8629928	355714	0	18.13	0.73	-1.66	1	0	155
18:9	44.13	46.13	33.38	64.25	28.00	0.00	0.34	2	1	79	1	0	0	0.00	2083064	8689935	355714	0	18.38	-0.52	-1.28	1	0	155
18:10	44.38	46.00	33.50	64.25	28.00	0.00	0.27	2	1	79	1	0	0	0.00	2092963	8750132	355714	0	18.38	0.62	-1.03	1	0	155
18:11	44.63	46.00	33.50	64.25	28.00	0.00	0.20	2	1	79	1	0	0	0.00	2102863	8810257	355714	0	18.38	0.63	-0.78	1	0	154
18:12	44.63	46.13	33.63	64.25	28.00	0.00	0.08	2	1	79	1	0	0	0.00	2112712	8870268	355714	0	18.38	-0.08	-0.78	1	0	155
18:13	44.50	46.13	33.88	65.00	28.00	0.00	0.01	2	1	79	1	0	0	0.00	2122793	8930277	355714	0	19.13	0.23	-0.91	1	0	155
18:14	44.50	46.00	34.00	65.50	28.00	0.00	-0.06	2	1	79	1	0	0	0.00	2132690	8990288	355714	0	19.63	0.88	-0.91	1	0	156
18:15	44.38	46.13	34.13	65.50	28.13	0.00	-0.17	2	1	79	1	0	0	0.00	2142643	9050522	355714	0	19.63	0.33	-1.03	1	0	154
18:16	44.50	46.00	34.38	64.75	28.13	0.00	-0.03	2	1	79	1	0	0	0.00	2152547	9110640	355714	0	18.88	0.47	-0.91	1	0	156
18:17	44.50	46.00	34.50	65.25	28.13	0.00	0.06	2	1	79	1	0	0	0.00	2162450	9170655	355714	0	19.38	-0.05	-0.91	1	0	154
18:18	44.63	46.13	34.63	65.50	28.13	0.00	0.05	2	1	79	1	0	0	0.00	2172292	9230656	355714	0	19.63	-0.02	-0.78	1	0	156
18:19	44.75	46.00	34.75	65.25	28.13	0.00	0.21	2	1	79	1	0	0	0.00	2182199	9290661	355714	0	19.38	0.20	-0.66	1	0	153
18:20	44.88	46.00	34.75	65.50	28.25	0.00	0.19	r	0	79	0	0	0	0.00	2192098	9339421	355714	0	0.50	0.35	0.00	0	0	154
18:21	45.03	46.00	34.75	65.00	28.25	0.00	0.18	r	0	79	0	0	0	0.00	2192098	9339421	355714	0	0.00	-0.38	0.16	5	0	156
18:22	45.38	46.00	34.75	62.75	28.25	0.00	0.24	R	0	35	0	0	0	0.00	2192098	9339421	355714	0	-2.50	-0.22	0.25	0	0	122
18:23	45.88	46.00	34.75	60.00	28.38	0.00	0.41	P	0	0	0	0	0	0.00	2192098	9339421	355714	0	-2.25	-2.66	0.34	0	0	176
18:24	46.25	46.00	34.88	57.13	28.38	0.00	0.49	P	0	0	0	0	0	0.00	2192098	9339421	355714	0	-5.13	-3.12	0.72	5	0	176
18:25	46.63	46.00	35.13	55.75	28.50	0.00	0.34	P	0	0	0	0	0	0.00	2192098	9339421	355714	0	-6.50	-1.63	1.09	5	0	176
18:26	47.00	46.00	35.38	54.00	28.63	0.00	0.32	P	0	0	0	0	0	0.00	2192098	9339421	355714	0	-8.25	-1.72	1.47	5	0	176
18:27	47.38	46.00	35.75	52.25	28.75	0.00	0.32	P	0	32	0	0	0	0.00	2192098	9339421	355714	0	-10.00	-1.10	1.84	5	0	89
18:28	47.75	46.00	36.00	52.00	28.88	0.00	0.32	P	0	0	0	0	0	0.00	2192098	9339421	355714	0	-10.25	0.03	2.22	5	0	176
18:29	48.13	46.00	36.25	51.00	29.00	0.00	0.32	P	0	0	0	0	0	0.00	2192098	9339421	355714	0	-11.25	-1.58	2.59	0	0	176
18:30	48.38	46.00	36.50	49.50	29.13	0.00	0.26	P	0	0	0	0	0	0.00	2192098	9339421	355714	0	-12.75	-1.43	2.84	0	0	176
18:31	48.75	46.00	36.88	49.00	29.25	0.00	0.31	P	0	0	0	0	0	0.00	2192098	9339421	355714	0	-13.25	-1.33	3.22	0	0	176
18:32	49.00	46.00	37.13	48.00	29.50	0.00	0.26	P	0	32	0	0	0	0.00	2197107	9339421	355714	0	-14.25	-0.67	3.47	0	0	89
18:33	49.25	46.00	37.25	48.00	29.63	0.00	0.25	P	0	0	0	0	0	0.00	2197107	9339421	355714	0	-14.25	0.44	3.72	0	0	176
18:34	49.41	46.00	37.50	46.50	29.75	0.00	0.25	P	0	0	0	0	0	0.00	2197107	9339421	355714	0	-15.75	-0.90	3.88	0	0	176
18:35	49.63	46.00	37.75	46.50	29.88	0.00	0.09	P	0	0	0	0	0	0.00	2197107	9339421	355714	0	-15.75	-0.58	4.09	0	0	176
18:36	49.88	46.00	38.00	45.25	30.13	0.00	0.22	P	0	0	0	0	0	0.00	2197107	9339421	355714	0	-17.00	-0.88	4.34	0	0	176
18:37	50.00	46.00	38.13	44.75	30.25	0.00	0.25	P	0	32	0	0	0	0.00	2197107	9339421	355714	0	-17.50	-0.44	4.47	0	0	94
18:38	50.25	46.00	38.00	45.75	30.38	0.00	0.19	z	0	0	0	1	0	0.00	2197107	9339421	391564	0	0.25	1.70	0.13	0	0	176
18:39	50.38	46.00	39.75	44.75	30.63	0.00	0.24	z	0	0	0	1	0	0.00	2197107	9339421	451621	0	-0.75	-0.50	0.25	0	0	176
18:40	50.25	46.00	41.75	44.25	30.75	0.00	0.03	z	0	0	0	1	0	0.00	2197107	9339421	511737	0	-1.25	-0.67	0.13	0	0	176
18:41	49.63	46.13	42.88	43.00	30.88	0.00	-0.69	z	0	0	0	0	0	0.00	2197107	9339421	535738	0	-2.50	-0.67	-0.50	0	0	176
18:42	49.25	46.25	43.25	42.88	31.00	0.00	-0.38	z	0	0	0	0	0	0.00	2197107	9339421	535738	0	-2.63	0.11	-0.88	0	0	176
18:44	49.13	46.38	43.13	42.50	31.13	0.00	-0.26	z	0	0	0	0	0	0.00	2197107	9339421	535738	0	-3.00	-0.52	-1.00	0	0	176
18:45	48.88	46.38	42.88	42.25	31.25	0.00	-0.09	z	0	0	0	0	0	0.00	2197107	9339421	535738	0	-3.25	-0.92	-1.25	0	0	176
18:46	48.75	46.50	42.50	42.50	31.38	0.00	-0.07	z	0	0	0	0	0	0.00	2197107	9339421	535738	0	-3.00	-0.60	-1.38	0	0	176
18:47	48.63	46.50	40.25	42.00	31.50	0.00	-0.07	z	0	0	1	0	0	0.00	2197107	9375870	535738	0	-3.50	-0.38	-1.50	0	0	176
18:48	48.50	46.50	36.25	41.75	31.63	0.00	-0.22	z	0	0	1	0	0	0.00	2197107	9436010	535738	0	-3.75	-0.25	-1.63	0	0	176
18:49	48.38	46.63	33.25	41.25	31.75	0.00	-0.19	z	0	0	1	0	0	0.00	2197107	9496060	535738	0	-4.25	-0.35	-1.75	0	0	176
18:50	48.25	46.50	31.50	40.75	31.75	0.00	-0.18	z	0	0	0	0	0	0.00	2197107	9519562	535738	0	-4.75	-0.40	-1.88	0	0	176
18:51	48.13	46.63	30.75	40.75	31.88	0.00	-0.16	z	0	0	0	0	0	0.00	2197107	9519562	535738	0	-4.75	-0.13	-2.00	0	0	176
18:52	48.00	46.63	30.50	40.25	32.00	0.00	-0.18	z	0	0	0	0	0	0.00	2197107	9519562	535738	0	-5.25	0.07	-2.13	0	0	176
18:53	48.00	46.63	30.25	40.75	32.00	0.00	-0.03	z	0	0	0	0	0	0.00	2197107	9519562	535738	0	-4.75	-1.05	-2.13	0	0	176
18:54	48.00	46.63	30.13	39.75	32.13	0.00	0.00	z	0	0	0	0	0	0.00	2197107	9519562	535738	0	-5.75	-0.37	-2.13	0	0	176
18:55	47.97	46.63	31.38	39.25	32.13	0.00	-0.08	z	0	0	0	1	0	0.00	2197107	9519562	572639	0	-6.25	-0.12	-2.16	0	0	176
18:56	47.50	46.63	36.00	39.50	32.25	0.00	-0.17	z	0	0	1	0	0	0.00	2197107	9532311	620037	0	-6.00	0.07	-2.63	0	0	176
18:57	46.75	46.63	33.50	39.50	32.25	0.00	-0.77	z	0	0	1	0	0	0.00	2197107	9592318	620037	0	-6.00	-0.62	-3.38	0	0	176
18:58	45.75	46.63	31.50	39.00	32.38	0.00	-0.93	z	0	0	0	0	0	0.00	2197107	9615267	620037	0	-6.50	-0.10	-4.38	0	0	176
18:59	45.13	46.50	31.00	39.00	32.38	0.00	-0.83	z	0	0	0	0	0	0.00	2197107	9615267	620037	0	-6.50	-0.23	-5.00	0	0	176
19:0	44.63	46.50	30.88	38.75	32.38	0.00	-0.54	z	0	0	0	0	0	0.00	2197107	9615267	620037	0	-6.75	-0.67	-5.50	0	0	176
19:1	44.13	46.50	30.75	38.25	32.50	0.00	-0.50	z	0	0	0	0	0	0.00	2197107	9615267	620037	0	-7.25	0.22	-6.00	0	0	176
19:2	43.88	46.50	30.50	38.25	32.50	0.00	-0.28	z	0	0	0	0	0	0.00	2197107	9615267	620037	0	-7.25	-0.47	-6.25	0	0	176
19:3	43.63	46.50	30.38	38.25	32.50	0.00	-0.25	z	0	0	0	0	0	0.00	2197107	9615267	620037	0	-7.25	-0.60	-6.50	0	0	176
19:4	43.38	46.50	30.13	37.75	32.50	0.00	-0.25	z	0	0	0	0	0	0.00	2197107	9615267	620037	0	-7.75	-1.03	-6.75	0	0	176
19:5	43.25	46.50	30.00	37.75	32.50	0.00	-0.25	z	0	0	0	0	0	0.00	2197107	9615267	620037	0	-7.75	-0.23	-6.88	0	0	176
19:6	43.13	46.50	29.88	37.75	32.63	0.00	-0.19	z	0	0	0	0	0	0.00	2197107	9615267	620037	0	-7.75	0.70	-7.00	0	0	176
19:7	43.00	46.50	29.88	37.50	32.63	0.00	-0.18	z	0	0	0	0	0	0.00	2197107	9615267	620037	0	-8.00	0.20	-7.13	0	0	176
19:8	42.88	46.50	29.75	37.00	32.63	0.00	-0.18	z	0	0	0	0	0	0.00	2197107	9615267	620037	0	-8.50	-0.10	-7.25	0	0	176
19:9	42.75	46.50	29.63	37.00	32.63	0.00	-0.03	z	0	0	0	0	0	0.00	2197107	9615267	620037	0	-8.50	-0.97	-7.38	0	0	176
19:10	42.75	46.50	29.63	36.63	32.63	0.00	-0.06	z	0	0	0	0	0	0.00	2197107	9615267	620037	0	-8.88	-0.43	-7.38	0	0	176
19:11	42.63	46.50	29.63	36.75	32.63	0.00	-0.09	z	0	0	0	0	0	0.00	2197107	9615267	620037	0	-8.75	-0.57	-7.50	0	0	176
19:12	42.50	46.50	29.75	36.00	32.63	0.00	-0.01	z	0	0	0	0	0	0.00	2197107	9615267	620037	0	-9.50	0.03	-7.63	0	0	176
19:13	42.50	46.38	29.75	36.50	32.63	0.00	-0.06	z	0	0	0	0	0	0.00	2197107	9615267	620037	0	-9.00	-0.30	-7.63	0	0	176
19:14	42.50	46.50	29.75	36.25	32.63	0.00	-0.01	z	0	0	0	0	0	0.00	2197107	9615267	620037	0	-9.25	-0.37	-7.63	0	0	176
19:15	42.38	46.38	29.75	35.75	32.63	0.00	-0.16	z	0	0	0	0	0	0.00	2197107	9615267	620037	0	-9.75	0.47	-7.75	0	0	176
19:16	42.38	46.50	29.75	35.50	32.63	0.00	-0.03	z	0	0	0	0	0	0.00	2197107	9615267	620037	0	-10.00	0.17	-7.75	0	0	176
19:17	42.38	46.50	29.88	36.25	32.63	0.00	0.00	z	0	0	0	0	0	0.00	2197107	9615267	620037	0	-9.25	0.10	-7.75	0	0	176
19:18	42.25	46.38	29.88	35.75	32.63	0.00	-0.13	z	0	0	0	0	0	0.00	2197107	9615267	620037	0	-9.75	0.02	-7.88	0	0	176
19:19	42.25	46.50	29.88	35.75	32.63	0.00	-0.02	z	0	0	0	0	0	0.00	2197107	9615267	620037	0	-9.75	0.28	-7.88	0	0	176
19:20	42.25	46.38	30.00	35.00	32.63	0.00	0.00	z	0	0	0	0	0	0.00	2197107	9615267	620037	0	-10.50	-0.47	-7.88	0	0	176
19:21	42.22	46.38	30.00	35.50	32.50	0.00	0.00	z	0	0	0	0	0	0.00	2197107	9615267	620037	0	-10.00	0.03	-7.91	0	0	176
19:22	42.13	46.50	30.00	35.75	32.50	0.00	-0.16	z	0	0	0	0	0	0.00	2197107	9615267	620037	0	-9.75	-0.10	-8.00	0	0	176
19:23	42.13	46.38	30.13	35.25	32.50	0.00	-0.03	z	0	0	0	0	0	0.00	2197107	9615267	620037	0	-10.25	-0.65	-8.00	0	0	176
19:24	42.13	46.38	30.13	35.50	32.50	0.00	0.00	z	0	0	0	0	0	0.00	2197107	9615267	620037	0	-10.00	0.33	-8.00	0	0	176
19:25	42.13	46.38	30.13	35.50	32.38	0.00	0.00	z	0	0	0	0	0	0.00	2197107	9615267	620037	0	-10.00	0.27	-8.00	0	0	176
19:26	42.00	46.38	30.25	35.25	32.38	0.00	0.00	z	0	0	0	0	0	0.00	2197107	9615267	620037	0	-10.25	-0.08	-8.13	0	0	176
19:27	42.00	46.38	30.25	34.75	32.38	0.00	-0.06	z	0	0	0	0	0	0.00	2197107	9615267	620037	0	-10.75	-0.65	-8.13	0	0	176
19:28	42.00	46.38	30.25	35.25	32.38	0.00	-0.01	z	0	0	0	0	0	0.00	2197107	9615267	620037	0	-10.25	0.22	-8.13	0	0	176
19:29	42.00	46.38	30.38	34.75	32.38	0.00	0.00	z	0	0	0	0	0	0.00	2197107	9615267	620037	0	-10.75	-0.31	-8.13	0	0	176
19:30	42.00	46.38	30.38	34.75	32.25	0.00	0.00	z	0	0	0	0	0	0.00	2197107	9615267	620037	0	-10.75	-0.32	-8.13	0	0	176
19:31	42.00	46.38	30.38	35.00	32.25	0.00	0.00	z	0	0	0	0	0	0.00	2197107	9615267	620037	0	-10.50	-0.36	-8.13	0	0	176
19:32	42.00	46.38	30.38	34.75	32.25	0.00	0.00	z	0	0	0	0	0	0.00	2197107	9615267	620037	0	-10.75	-0.33	-8.13	0	0	176
19:33	42.00	46.38	30.38	35.00	32.13	0.00	0.00	z	0	0	0	0	0	0.00	2197107	9615267	620037	0	-10.50	-0.25	-8.13	0	0	176
19:34	42.00	46.38	30.50	34.75	32.13	0.00	0.00	z	0	0	0	0	0	0.00	2197107	9615267	620037	0	-10.75	0.28	-8.13	0	0	176
19:35	42.00	46.38	30.50	34.25	32.13	0.00	0.00	z	0	0	0	0	0	0.00	2197107	9615267	620037	0	-11.25	-0.38	-8.13	0	0	176
19:36	42.03	46.38	30.50	34.50	32.00	0.00	0.06	z	0	0	0	0	0	0.00	2197107	9615267	620037	0	-11.00	-0.07	-8.09	0	0	176
19:37	42.13	46.38	30.50	34.50	32.00	0.00	0.01	z	0	0	0	0	0	0.00	2197107	9615267	620037	0	-11.00	0.20	-8.00	0	0	176
19:38	42.13	46.38	30.50	34.25	32.00	0.00	0.00	z	0	0	0	0	0	0.00	2197107	9615267	620037	0	-11.25	0.35	-8.00	0	0	176
19:39	42.13	46.38	30.63	34.75	31.88	0.00	0.00	z	0	0	0	0	0	0.00	2197107	9615267	620037	0	-10.75	-0.50	-8.00	0	0	176
19:40	42.13	46.38	30.63	34.50	31.88	0.00	0.00	z	0	0	0	0	0	0.00	2197107	9615267	620037	0	-11.00	-0.17	-8.00	0	0	176
19:41	42.00	46.38	30.63	34.31	31.88	0.00	-0.06	z	0	0	0	0	0	0.00	2197107	9615267	620037	0	-11.19	0.30	-8.13	0	0	176
19:42	42.00	46.38	30.63	34.25	31.88	0.00	-0.01	z	0	0	0	0	0	0.00	2197107	9615267	620037	0	-11.25	0.13	-8.13	0	0	176
19:43	42.00	46.38	30.75	34.50	31.75	0.00	0.00	z	0	0	0	0	0	0.00	2197107	9615267	620037	0	-11.00	0.49	-8.13	0	0	176
19:44	42.13	46.38	30.75	34.50	31.75	0.00	0.06	z	0	0	0	0	0	0.00	2197107	9615267	620037	0	-11.00	-0.30	-8.00	0	0	176
19:45	42.13	46.38	30.75	33.75	31.75	0.00	0.01	z	0	0	0	0	0	0.00	2197107	9615267	620037	0	-11.75	-0.26	-8.00	0	0	176
19:46	42.13	46.38	30.75	34.00	31.63	0.00	0.00	z	0	0	0	0	0	0.00	2197107	9615267	620037	0	-11.50	0.37	-8.00	0	0	176
19:47	42.13	46.38	30.75	34.25	31.63	0.00	0.00	z	0	0	0	0	0	0.00	2197107	9615267	620037	0	-11.25	0.27	-8.00	0	0	176
19:48	42.13	46.25	30.75	34.25	31.50	0.00	0.00	z	0	0	0	0	0	0.00	2197107	9615267	620037	0	-11.25	-0.24	-8.00	0	0	176
19:49	42.25	46.25	30.88	34.00	31.50	0.00	0.00	z	0	0	0	0	0	0.00	2197107	9615267	620037	0	-11.50	0.13	-7.88	0	0	176
19:50	42.25	46.25	30.88	33.94	31.50	0.00	0.06	z	0	0	0	0	0	0.00	2197107	9615267	620037	0	-11.56	-0.09	-7.88	0	0	176
19:51	42.25	46.25	30.88	34.25	31.38	0.00	0.01	z	0	0	0	0	0	0.00	2197107	9615267	620037	0	-11.25	0.07	-7.88	0	0	176
19:52	42.25	46.25	30.88	34.50	31.38	0.00	0.00	z	0	0	0	0	0	0.00	2197107	9615267	620037	0	-11.00	0.25	-7.88	0	0	176
19:53	42.25	46.25	30.88	34.00	31.38	0.00	0.00	z	0	0	0	0	0	0.00	2197107	9615267	620037	0	-11.50	0.23	-7.88	0	0	176
19:54	42.38	46.25	30.88	33.75	31.25	0.00	0.06	z	0	0	0	0	0	0.00	2197107	9615267	620037	0	-11.75	0.12	-7.75	0	0	176
19:55	42.38	46.25	30.88	34.00	31.25	0.00	0.01	z	0	0	0	0	0	0.00	2197107	9615267	620037	0	-11.50	0.02	-7.75	0	0	176
19:56	42.38	46.25	30.88	34.00	31.25	0.00	0.00	z	0	0	0	0	0	0.00	2197107	9615267	620037	0	-11.50	0.20	-7.75	0	0	176
19:57	42.38	46.25	30.88	34.00	31.13	0.00	0.00	z	0	0	0	0	0	0.00	2197107	9615267	620037	0	-11.50	0.35	-7.75	0	0	176
19:58	42.38	46.25	30.88	34.25	31.13	0.00	0.00	z	0	0	0	0	0	0.00	2197107	9615267	620037	0	-11.25	-0.70	-7.75	0	0	176
19:59	42.38	46.25	30.88	33.69	31.00	0.00	0.00	z	0	0	0	0	0	0.00	2197107	9615267	620037	0	-11.81	0.32	-7.75	0	0	176
20:0	42.38	46.25	31.00	34.00	31.00	0.00	0.00	z	0	0	0	0	0	0.00	2197107	9615267	620037	0	-11.50	0.58	-7.75	0	0	176
20:1	42.38	46.25	31.00	34.00	31.00	0.00	0.00	z	0	0	0	0	0	0.00	2197107	9615267	620037	0	-11.50	-0.27	-7.75	0	0	176
20:2	42.38	46.25	31.00	34.00	30.88	0.00	-0.12	z	0	0	0	0	0	0.00	2197107	9615267	620037	0	-11.50	0.10	-7.75	0	0	176
20:3	42.38	46.25	31.00	33.50	30.88	0.00	0.03	z	0	0	0	0	0	0.00	2197107	9615267	620037	0	-12.00	-0.38	-7.75	0	0	176
20:4	42.38	46.25	31.00	34.00	30.88	0.00	0.01	z	0	0	0	0	0	0.00	2197107	9615267	620037	0	-11.50	0.17	-7.75	0	0	176
20:5	42.38	46.25	31.00	34.25	30.88	0.00	0.00	z	0	0	0	0	0	0.00	2197107	9615267	620037	0	-11.25	0.15	-7.75	0	0	176
20:6	42.38	46.25	31.00	34.00	30.75	0.00	0.00	z	0	0	0	0	0	0.00	2197107	9615267	620037	0	-11.50	-0.62	-7.75	0	0	176
20:7	42.38	46.25	31.00	33.75	30.75	0.00	0.16	z	0	0	0	0	0	0.00	2197107	9615267	620037	0	-11.75	0.65	-7.75	0	0	176
20:8	42.50	46.25	31.00	34.00	30.63	0.00	0.03	z	0	0	0	0	0	0.00	2197107	9615267	620037	0	-11.50	-0.12	-7.63	0	0	176
20:9	42.50	46.25	31.00	33.75	30.63	0.00	0.00	z	0	0	0	0	0	0.00	2197107	9615267	620037	0	-11.75	0.28	-7.63	0	0	176
20:10	42.50	46.25	31.00	33.75	30.63	0.00	0.00	z	0	0	0	0	0	0.00	2197107	9615267	620037	0	-11.75	0.65	-7.63	0	0	176
20:11	42.50	46.25	31.00	34.00	30.50	0.00	0.00	z	0	0	0	0	0	0.00	2197107	9615267	620037	0	-11.50	-0.65	-7.63	0	0	176
20:12	42.50	46.25	31.00	33.31	30.50	0.00	0.00	z	0	0	0	0	0	0.00	2197107	9615267	620037	0	-12.19	0.32	-7.63	0	0	176
20:13	42.50	46.25	31.00	33.50	30.50	0.00	0.00	z	0	0	0	0	0	0.00	2197107	9615267	620037	0	-12.00	0.47	-7.63	0	0	176
20:14	42.50	46.13	31.00	33.50	30.50	0.00	0.00	z	0	0	0	0	0	0.00	2197107	9615267	620037	0	-12.00	-0.17	-7.63	0	0	176
20:16	42.50	46.25	31.00	34.00	30.38	0.00	0.00	z	0	0	0	0	0	0.00	2197107	9615267	620037	0	-11.50	-0.12	-7.63	0	0	176
20:17	42.50	46.25	31.00	33.25	30.38	0.00	0.00	z	0	0	0	0	0	0.00	2197107	9615267	620037	0	-12.25	0.18	-7.63	0	0	176
20:18	42.38	46.25	31.00	33.25	30.38	0.00	0.00	z	0	0	0	0	0	0.00	2197107	9615267	620037	0	-12.25	0.55	-7.75	0	0	176
20:19	42.38	46.13	31.00	33.75	30.25	0.00	0.06	z	0	0	0	0	0	0.00	2197107	9615267	620037	0	-11.75	-0.03	-7.75	0	0	176
20:20	42.38	46.13	31.00	33.75	30.25	0.00	-0.03	z	0	0	0	0	0	0.00	2197107	9615267	620037	0	-11.75	0.30	-7.75	0	0	176
20:21	42.38	46.25	31.00	33.25	30.25	0.00	-0.01	z	0	0	0	0	0	0.00	2197107	9615267	620037	0	-12.25	0.02	-7.75	0	0	176
20:22	42.50	46.13	31.00	33.88	30.13	0.00	-0.03	z	0	0	0	0	0	0.00	2197107	9615267	620037	0	-11.63	-0.08	-7.63	0	0	176
20:23	42.50	46.13	31.00	33.75	30.13	0.00	0.15	z	0	0	0	0	0	0.00	2197107	9615267	620037	0	-11.75	0.30	-7.63	0	0	176
20:24	42.50	46.13	31.00	33.50	30.00	0.00	0.03	z	0	0	0	0	0	0.00	2197107	9615267	620037	0	-12.00	-0.18	-7.63	0	0	176
20:25	42.50	46.13	31.00	33.50	30.00	0.00	0.00	z	0	0	0	0	0	0.00	2197107	9615267	620037	0	-12.00	-0.12	-7.63	0	0	176
20:26	42.50	46.13	31.00	33.75	30.00	0.00	0.00	z	0	0	0	0	0	0.00	2197107	9615267	620037	0	-11.75	0.50	-7.63	0	0	176
20:27	42.50	46.13	31.00	32.75	30.00	0.00	-0.12	z	0	0	0	0	0	0.00	2197107	9615267	620037	0	-12.75	-0.03	-7.63	0	0	176
20:28	42.50	46.13	31.00	33.25	29.88	0.00	-0.01	z	0	0	0	0	0	0.00	2197107	9615267	620037	0	-12.25	-0.13	-7.63	0	0	176
20:29	42.50	46.13	31.00	33.50	29.88	0.00	0.01	z	0	0	0	0	0	0.00	2197107	9615267	620037	0	-12.00	-0.10	-7.63	0	0	176
20:30	42.50	46.13	31.00	33.75	29.88	0.00	0.00	z	0	0	0	0	0	0.00	2197107	9615267	620037	0	-11.75	0.07	-7.63	0	0	176
20:31	42.41	46.13	31.00	33.75	29.88	0.00	0.00	z	0	0	0	0	0	0.00	2197107	9615267	620037	0	-11.75	0.05	-7.72	0	0	176
20:32	42.50	46.13	31.00	33.75	29.75	0.00	-0.08	z	0	0	0	0	0	0.00	2197107	9615267	620037	0	-11.75	0.03	-7.63	0	0	176
20:33	42.50	46.13	31.00	33.75	29.75	0.00	-0.14	z	0	0	0	0	0	0.00	2197107	9615267	620037	0	-11.75	0.00	-7.63	0	0	176
20:34	42.50	46.13	31.00	33.75	29.75	0.00	0.09	z	0	0	0	0	0	0.00	2197107	9615267	620037	0	-11.75	-0.32	-7.63	0	0	176
20:35	42.50	46.13	31.00	33.75	29.63	0.00	0.02	z	0	0	0	0	0	0.00	2197107	9615267	620037	0	-11.75	-0.05	-7.63	0	0	176
20:36	42.50	46.13	30.88	33.50	29.63	0.00	0.00	z	0	0	0	0	0	0.00	2197107	9615267	620037	0	-12.00	0.00	-7.63	0	0	176
20:37	42.50	46.13	30.88	33.25	29.63	0.00	0.00	z	0	0	0	0	0	0.00	2197107	9615267	620037	0	-12.25	0.72	-7.63	0	0	176
20:38	42.50	46.13	31.00	33.25	29.50	0.00	0.00	z	0	0	0	0	0	0.00	2197107	9615267	620037	0	-12.25	0.00	-7.63	0	0	176
20:39	42.50	46.00	30.88	33.50	29.50	0.00	0.00	z	0	0	0	0	0	0.00	2197107	9615267	620037	0	-12.00	0.18	-7.63	0	0	176
20:40	42.38	46.00	30.88	33.50	29.38	0.00	0.00	z	0	0	0	0	0	0.00	2197107	9615267	620037	0	-12.00	0.35	-7.75	0	0	176
20:41	42.38	46.00	30.88	33.50	29.38	0.00	0.00	z	0	0	0	0	0	0.00	2197107	9615267	620037	0	-12.00	0.15	-7.75	0	0	176
20:42	42.38	46.00	30.88	33.50	29.13	0.00	-0.06	z	0	0	0	0	0	0.00	2197107	9615267	620037	0	-12.00	-0.22	-7.75	0	0	176
20:43	42.38	46.00	30.75	33.25	29.00	0.00	-0.01	z	0	0	0	0	0	0.00	2197107	9615267	620037	0	-12.25	0.17	-7.75	0	0	176
20:44	42.38	46.00	30.75	33.50	28.88	0.00	0.00	z	0	0	0	0	0	0.00	2197107	9615267	620037	0	-12.00	0.12	-7.75	0	0	176
20:45	42.38	46.00	30.63	33.00	28.75	0.00	0.00	z	0	0	0	0	0	0.00	2197107	9615267	620037	0	-12.50	-0.18	-7.75	0	0	176
20:46	42.38	46.00	30.63	33.50	28.75	0.00	0.00	z	0	0	0	0	0	0.00	2197107	9615267	620037	0	-12.00	0.25	-7.75	0	0	176
20:47	42.38	46.00	30.75	33.00	28.75	0.00	0.00	z	0	0	0	0	0	0.00	2197107	9615267	620037	0	-12.50	-0.28	-7.75	0	0	176
20:48	42.38	46.00	30.75	33.75	28.63	0.00	0.00	z	0	0	0	0	0	0.00	2197107	9615267	620037	0	-11.75	0.07	-7.75	0	0	176
20:49	42.38	46.00	30.75	33.75	28.63	0.00	0.00	z	0	0	0	0	0	0.00	2197107	9615267	620037	0	-11.75	0.22	-7.75	0	0	176
20:50	42.38	46.00	30.75	33.50	28.63	0.00	0.00	z	0	0	0	0	0	0.00	2197107	9615267	620037	0	-12.00	-0.83	-7.75	0	0	176
20:51	42.38	46.00	30.75	32.75	28.63	0.00	0.00	z	0	0	0	0	0	0.00	2197107	9615267	620037	0	-12.75	-0.10	-7.75	0	0	176
20:52	42.38	46.00	30.75	33.00	28.50	0.00	0.00	z	0	0	0	0	0	0.00	2197107	9615267	620037	0	-12.50	-1.03	-7.75	0	0	176
20:53	42.38	46.00	30.63	33.25	28.50	0.00	0.00	z	0	0	0	0	0	0.00	2197107	9615267	620037	0	-12.25	-0.02	-7.75	0	0	176
20:54	42.38	46.00	30.63	33.50	28.50	0.00	0.00	z	0	0	0	0	0	0.00	2197107	9615267	620037	0	-12.00	0.33	-7.75	0	0	176
20:55	42.38	46.00	30.63	33.00	28.50	0.00	0.00	z	0	0	0	0	0	0.00	2197107	9615267	620037	0	-12.50	0.25	-7.75	0	0	176
20:56	42.47	46.00	30.63	33.50	28.50	0.00	0.00	z	0	0	0	0	0	0.00	2197107	9615267	620037	0	-12.00	0.45	-7.66	0	0	176
20:57	42.38	46.00	30.63	33.00	28.38	0.00	0.00	z	0	0	0	0	0	0.00	2197107	9615267	620037	0	-12.50	0.27	-7.75	0	0	176
20:58	42.38	46.00	30.63	33.50	28.38	0.00	0.00	z	0	0	0	0	0	0.00	2197107	9615267	620037	0	-12.00	0.32	-7.75	0	0	176
20:59	42.38	46.00	30.63	33.25	28.38	0.00	0.00	z	0	0	0	0	0	0.00	2197107	9615267	620037	0	-12.25	-0.18	-7.75	0	0	176
21:0	42.38	46.00	30.63	33.25	28.38	0.00	0.00	z	0	0	0	0	0	0.00	2197107	9615267	620037	0	-12.25	0.08	-7.75	0	0	176
21:1	42.38	46.00	30.63	33.25	28.25	0.00	0.00	z	0	0	0	0	0	0.00	2197107	9615267	620037	0	-12.25	0.13	-7.75	0	0	176
21:2	42.38	46.00	30.63	33.00	28.25	0.00	0.00	z	0	0	0	0	0	0.00	2197107	9615267	620037	0	-12.50	0.02	-7.75	0	0	176
21:3	42.38	46.00	30.63	33.25	28.25	0.00	0.00	z	0	0	0	0	0	0.00	2197107	9615267	620037	0	-12.25	0.00	-7.75	0	0	176
21:4	42.38	46.00	30.50	33.00	28.25	0.00	0.00	z	0	0	0	0	0	0.00	2197107	9615267	620037	0	-12.50	-0.43	-7.75	0	0	176
21:5	42.38	46.00	30.50	33.00	28.13	0.00	0.00	z	0	0	0	0	0	0.00	2197107	9615267	620037	0	-12.50	0.57	-7.75	0	0	176
21:6	42.38	46.00	30.50	33.25	28.13	0.00	0.00	z	0	0	0	0	0	0.00	2197107	9615267	620037	0	-12.25	0.57	-7.75	0	0	176
21:7	42.25	46.00	30.50	33.13	28.13	0.00	-0.02	z	0	0	0	0	0	0.00	2197107	9615267	620037	0	-12.38	-1.11	-7.88	0	0	176
21:8	42.25	46.00	30.50	33.00	28.13	0.00	-0.12	z	0	0	0	0	0	0.00	2197107	9615267	620037	0	-12.50	0.17	-7.88	0	0	176
21:9	42.25	46.00	30.50	33.25	28.00	0.00	-0.02	z	0	0	0	0	0	0.00	2197107	9615267	620037	0	-12.25	0.57	-7.88	0	0	176
21:10	42.25	46.00	30.50	33.25	28.00	0.00	0.00	z	0	0	0	0	0	0.00	2197107	9615267	620037	0	-12.25	-0.87	-7.88	0	0	176
21:11	42.25	45.88	30.50	33.00	28.00	0.00	0.00	z	0	0	0	0	0	0.00	2197107	9615267	620037	0	-12.50	0.28	-7.88	0	0	176
21:12	42.25	45.88	30.50	32.75	27.88	0.00	0.00	z	0	0	0	0	0	0.00	2197107	9615267	620037	0	-12.75	0.07	-7.88	0	0	176
21:13	42.25	45.88	30.38	32.75	27.88	0.00	0.00	z	0	0	0	0	0	0.00	2197107	9615267	620037	0	-12.75	0.00	-7.88	0	0	176
21:14	42.25	46.00	30.38	33.50	27.88	0.00	0.00	z	0	0	0	0	0	0.00	2197107	9615267	620037	0	-12.00	0.20	-7.88	0	0	176
21:15	42.25	45.88	30.38	32.25	27.75	0.00	0.00	z	0	0	0	0	0	0.00	2197107	9615267	620037	0	-13.25	0.12	-7.88	0	0	176
21:16	42.25	45.88	30.38	33.13	27.75	0.00	0.00	z	0	0	0	0	0	0.00	2197107	9615267	620037	0	-12.38	-0.03	-7.88	0	0	176
21:17	42.16	45.88	30.38	32.75	27.75	0.00	-0.16	z	0	0	0	0	0	0.00	2197107	9615267	620037	0	-12.75	0.05	-7.97	0	0	176
21:18	42.13	45.88	30.38	33.00	27.75	0.00	0.03	z	0	0	0	0	0	0.00	2197107	9615267	620037	0	-12.50	-0.31	-8.00	0	0	176
21:19	42.13	45.88	30.38	33.25	27.63	0.00	-0.05	z	0	0	0	0	0	0.00	2197107	9615267	620037	0	-12.25	-0.57	-8.00	0	0	176
21:20	42.13	45.88	30.38	33.00	27.63	0.00	-0.01	z	0	0	0	0	0	0.00	2197107	9615267	620037	0	-12.50	-0.48	-8.00	0	0	176
21:21	42.13	45.88	30.38	33.50	27.63	0.00	0.00	z	0	0	0	0	0	0.00	2197107	9615267	620037	0	-12.00	0.45	-8.00	0	0	176
21:22	42.13	45.88	30.25	33.25	27.50	0.00	0.00	z	0	0	0	0	0	0.00	2197107	9615267	620037	0	-12.25	0.08	-8.00	0	0	176
21:23	42.13	45.88	30.25	33.00	27.50	0.00	0.00	z	0	0	0	0	0	0.00	2197107	9615267	620037	0	-12.50	-0.20	-8.00	0	0	176
21:24	42.13	45.88	30.25	33.00	27.50	0.00	0.00	z	0	0	0	0	0	0.00	2197107	9615267	620037	0	-12.50	-0.23	-8.00	0	0	176
21:25	42.13	45.88	30.25	33.25	27.38	0.00	0.00	z	0	0	0	0	0	0.00	2197107	9615267	620037	0	-12.25	-0.03	-8.00	0	0	176
21:26	42.13	45.88	30.25	33.25	27.38	0.00	0.00	z	0	0	0	0	0	0.00	2197107	9615267	620037	0	-12.25	0.08	-8.00	0	0	176
21:27	42.13	45.88	30.13	33.25	27.38	0.00	-0.16	z	0	0	0	0	0	0.00	2197107	9615267	620037	0	-12.25	-0.22	-8.00	0	0	176
21:28	42.13	45.88	30.13	33.25	27.25	0.00	-0.13	z	0	0	0	0	0	0.00	2197107	9615267	620037	0	-12.25	0.16	-8.00	0	0	176
21:29	42.00	45.88	30.13	33.25	27.25	0.00	-0.02	z	0	0	0	0	0	0.00	2197107	9615267	620037	0	-12.25	-0.17	-8.13	0	0	176
21:30	42.00	45.88	30.13	32.75	27.25	0.00	0.00	z	0	0	0	0	0	0.00	2197107	9615267	620037	0	-12.75	0.28	-8.13	0	0	176
21:31	42.00	45.88	30.13	32.25	27.13	0.00	0.00	z	0	0	0	0	0	0.00	2197107	9615267	620037	0	-13.25	-0.10	-8.13	0	0	176
21:32	42.00	45.88	30.13	33.00	27.13	0.00	0.00	z	0	0	0	0	0	0.00	2197107	9615267	620037	0	-12.50	0.07	-8.13	0	0	176
21:33	42.00	45.88	30.13	33.00	27.13	0.00	0.00	z	0	0	0	0	0	0.00	2197107	9615267	620037	0	-12.50	-0.42	-8.13	0	0	176
21:34	42.00	45.88	30.13	33.00	27.00	0.00	0.00	z	0	0	0	0	0	0.00	2197107	9615267	620037	0	-12.50	-0.03	-8.13	0	0	176
21:35	42.00	45.88	30.00	33.25	27.00	0.00	0.00	z	0	0	0	0	0	0.00	2197107	9615267	620037	0	-12.25	-0.23	-8.13	0	0	176
21:36	42.00	45.75	30.00	32.25	27.00	0.00	0.00	z	0	0	0	0	0	0.00	2197107	9615267	620037	0	-13.25	0.60	-8.13	0	0	176
21:37	42.00	45.75	30.00	32.75	26.88	0.00	0.00	z	0	0	0	0	0	0.00	2197107	9615267	620037	0	-12.75	0.10	-8.13	0	0	176
21:38	42.00	45.75	30.00	33.25	26.88	0.00	0.00	z	0	0	0	0	0	0.00	2197107	9615267	620037	0	-12.25	-0.63	-8.13	0	0	176
21:39	42.00	45.75	30.00	33.06	26.88	0.00	0.10	z	0	0	0	0	0	0.00	2197107	9615267	620037	0	-12.44	0.13	-8.13	0	0	176
21:40	41.88	45.75	30.00	33.25	26.75	0.00	-0.14	z	0	0	0	0	0	0.00	2197107	9615267	620037	0	-12.25	-0.08	-8.25	0	0	176
21:41	41.88	45.75	30.00	32.50	26.75	0.00	0.13	z	0	0	0	0	0	0.00	2197107	9615267	620037	0	-13.00	-0.17	-8.25	0	0	176
21:42	41.88	45.75	29.88	33.00	26.63	0.00	-0.03	z	0	0	0	0	0	0.00	2197107	9615267	620037	0	-12.50	0.29	-8.25	0	0	176
21:43	41.88	45.75	29.88	32.75	26.63	0.00	-0.01	z	0	0	0	0	0	0.00	2197107	9615267	620037	0	-12.75	-0.18	-8.25	0	0	176
21:44	41.88	45.75	29.88	33.00	26.63	0.00	0.00	z	0	0	0	0	0	0.00	2197107	9615267	620037	0	-12.50	0.20	-8.25	0	0	176
21:45	41.88	45.75	29.88	33.00	26.50	0.00	0.00	z	0	0	0	0	0	0.00	2197107	9615267	620037	0	-12.50	0.95	-8.25	0	0	176
21:47	41.88	45.75	29.88	33.00	26.50	0.00	0.00	z	0	0	0	0	0	0.00	2197107	9615267	620037	0	-12.50	0.18	-8.25	0	0	176
21:48	41.88	45.75	29.88	32.75	26.50	0.00	0.00	z	0	0	0	0	0	0.00	2197107	9615267	620037	0	-12.75	-0.11	-8.25	0	0	176
21:49	41.75	45.75	29.75	32.63	26.38	0.00	-0.16	z	0	0	0	0	0	0.00	2197107	9615267	620037	0	-12.88	0.50	-8.38	0	0	176
21:50	41.75	45.75	29.75	33.00	26.38	0.00	-0.03	z	0	0	0	0	0	0.00	2197107	9615267	620037	0	-12.50	0.08	-8.38	0	0	176
21:51	41.75	45.75	29.75	33.00	26.38	0.00	0.00	z	0	0	0	0	0	0.00	2197107	9615267	620037	0	-12.50	-0.32	-8.38	0	0	176
21:52	41.75	45.75	29.75	33.00	26.25	0.00	0.00	z	0	0	0	0	0	0.00	2197107	9615267	620037	0	-12.50	-0.88	-8.38	0	0	176
21:53	41.75	45.75	29.75	32.50	26.25	0.00	0.00	z	0	0	0	0	0	0.00	2197107	9615267	620037	0	-13.00	0.30	-8.38	0	0	176
21:54	41.75	45.75	29.75	32.50	26.25	0.00	0.00	z	0	0	0	0	0	0.00	2197107	9615267	620037	0	-13.00	-0.13	-8.38	0	0	176
21:55	41.75	45.75	29.63	32.50	26.13	0.00	0.00	z	0	0	0	0	0	0.00	2197107	9615267	620037	0	-13.00	0.37	-8.38	0	0	176
21:56	41.75	45.75	29.63	32.50	26.13	0.00	0.00	z	0	0	0	0	0	0.00	2197107	9615267	620037	0	-13.00	0.58	-8.38	0	0	176
21:57	41.72	45.75	29.63	32.75	26.00	0.00	0.00	z	0	0	0	0	0	0.00	2197107	9615267	620037	0	-12.75	0.02	-8.41	0	0	176
21:58	41.63	45.75	29.63	32.75	26.00	0.00	-0.16	z	0	0	0	0	0	0.00	2197107	9615267	620037	0	-12.75	0.19	-8.50	0	0	176
21:59	41.63	45.75	29.63	32.75	26.00	0.00	-0.03	z	0	0	0	0	0	0.00	2197107	9615267	620037	0	-12.75	-0.08	-8.50	0	0	176
22:0	41.63	45.75	29.63	32.50	25.88	0.00	0.00	z	0	0	0	0	0	0.00	2197107	9615267	620037	0	-13.00	-0.22	-8.50	0	0	176
22:1	41.63	45.75	29.63	32.50	25.88	0.00	0.00	z	0	0	0	0	0	0.00	2197107	9615267	620037	0	-13.00	0.48	-8.50	0	0	176
22:2	41.63	45.75	29.50	32.50	25.88	0.00	0.00	z	0	0	0	0	0	0.00	2197107	9615267	620037	0	-13.00	0.48	-8.50	0	0	176
22:3	41.63	45.63	29.50	32.25	25.75	0.00	0.00	z	0	0	0	0	0	0.00	2197107	9615267	620037	0	-13.25	0.27	-8.50	0	0	176
22:4	41.63	45.63	29.50	32.25	25.75	0.00	0.00	z	0	0	0	0	0	0.00	2197107	9615267	620037	0	-13.25	0.12	-8.50	0	0	176
22:5	41.50	45.63	29.50	32.50	25.63	0.00	0.00	z	0	0	0	0	0	0.00	2197107	9615267	620037	0	-13.00	-0.30	-8.63	0	0	176
22:6	41.50	45.63	29.50	32.25	25.63	0.00	0.03	z	0	0	0	0	0	0.00	2197107	9615267	620037	0	-13.25	0.30	-8.63	0	0	176
22:7	41.50	45.63	29.50	32.50	25.63	0.00	-0.05	z	0	0	0	0	0	0.00	2197107	9615267	620037	0	-13.00	-0.23	-8.63	0	0	176
22:8	41.50	45.63	29.50	32.25	25.50	0.00	-0.01	z	0	0	0	0	0	0.00	2197107	9615267	620037	0	-13.25	0.15	-8.63	0	0	176
22:9	41.50	45.63	29.38	32.75	25.50	0.00	0.00	z	0	0	0	0	0	0.00	2197107	9615267	620037	0	-12.75	-0.17	-8.63	0	0	176
22:10	41.50	45.63	29.38	32.75	25.50	0.00	0.00	z	0	0	0	0	0	0.00	2197107	9615267	620037	0	-12.75	0.28	-8.63	0	0	176
22:11	41.50	45.63	29.38	32.50	25.38	0.00	0.00	z	0	0	0	0	0	0.00	2197107	9615267	620037	0	-13.00	-0.07	-8.63	0	0	176
22:12	41.50	45.63	29.38	32.50	25.38	0.00	0.00	z	0	0	0	0	0	0.00	2197107	9615267	620037	0	-13.00	0.38	-8.63	0	0	176
22:13	41.50	45.63	29.38	32.50	25.38	0.00	0.00	z	0	0	0	0	0	0.00	2197107	9615267	620037	0	-13.00	0.70	-8.63	0	0	176
22:14	41.41	45.63	29.25	32.75	25.25	0.00	-0.16	z	0	0	0	0	0	0.00	2197107	9615267	620037	0	-12.75	-0.65	-8.72	0	0	176
22:15	41.38	45.63	29.25	32.50	25.25	0.00	-0.03	z	0	0	0	0	0	0.00	2197107	9615267	620037	0	-13.00	0.32	-8.75	0	0	176
22:16	41.38	45.63	29.25	32.00	25.25	0.00	0.00	z	0	0	0	0	0	0.00	2197107	9615267	620037	0	-13.50	-0.37	-8.75	0	0	176
22:17	41.38	45.63	29.25	32.38	25.13	0.00	0.00	z	0	0	0	0	0	0.00	2197107	9615267	620037	0	-13.13	0.00	-8.75	0	0	176
22:18	41.38	45.63	29.25	32.50	25.13	0.00	0.00	z	0	0	0	0	0	0.00	2197107	9615267	620037	0	-13.00	-0.31	-8.75	0	0	176
22:19	41.38	45.63	29.25	32.50	25.13	0.00	0.00	z	0	0	0	0	0	0.00	2197107	9615267	620037	0	-13.00	0.67	-8.75	0	0	176
22:20	41.38	45.63	29.13	32.50	25.00	0.00	0.00	z	0	0	0	0	0	0.00	2197107	9615267	620037	0	-13.00	0.12	-8.75	0	0	176
22:21	41.38	45.63	29.13	32.75	25.00	0.00	0.00	z	0	0	0	0	0	0.00	2197107	9615267	620037	0	-12.75	-0.95	-8.75	0	0	176
22:22	41.28	45.63	29.13	32.50	24.88	0.00	0.00	z	0	0	0	0	0	0.00	2197107	9615267	620037	0	-13.00	-0.02	-8.84	0	0	176
22:23	41.25	45.63	29.13	32.25	24.88	0.00	-0.16	z	0	0	0	0	0	0.00	2197107	9615267	620037	0	-13.25	-0.18	-8.88	0	0	176
22:24	41.25	45.63	29.13	32.50	24.88	0.00	-0.03	z	0	0	0	0	0	0.00	2197107	9615267	620037	0	-13.00	0.48	-8.88	0	0	176
22:25	41.25	45.63	29.13	32.25	24.88	0.00	0.00	z	0	0	0	0	0	0.00	2197107	9615267	620037	0	-13.25	-0.23	-8.88	0	0	176
22:26	41.25	45.63	29.00	32.00	24.75	0.00	0.00	z	0	0	0	0	0	0.00	2197107	9615267	620037	0	-13.50	0.39	-8.88	0	0	176
22:27	41.25	45.63	29.00	32.50	24.75	0.00	0.00	z	0	0	0	0	0	0.00	2197107	9615267	620037	0	-13.00	0.45	-8.88	0	0	176
22:28	41.25	45.63	29.00	32.25	24.75	0.00	0.00	z	0	0	0	0	0	0.00	2197107	9615267	620037	0	-13.25	0.46	-8.88	0	0	176
22:29	41.13	45.50	29.00	32.00	24.63	0.00	0.00	z	0	0	0	0	0	0.00	2197107	9615267	620037	0	-13.50	0.15	-9.00	0	0	176
22:30	41.25	45.50	29.00	32.25	24.63	0.00	-0.16	z	0	0	0	0	0	0.00	2197107	9615267	620037	0	-13.25	-0.42	-8.88	0	0	176
22:31	41.13	45.50	29.00	32.00	24.63	0.00	-0.03	z	0	0	0	0	0	0.00	2197107	9615267	620037	0	-13.50	-0.15	-9.00	0	0	176
22:32	41.13	45.50	29.00	32.25	24.50	0.00	0.00	z	0	0	0	0	0	0.00	2197107	9615267	620037	0	-13.25	-0.22	-9.00	0	0	176
22:33	41.13	45.50	28.88	32.25	24.50	0.00	0.00	z	0	0	0	0	0	0.00	2197107	9615267	620037	0	-13.25	0.40	-9.00	0	0	176
22:34	41.13	45.50	28.88	31.50	24.50	0.00	0.00	z	0	0	0	0	0	0.00	2197107	9615267	620037	0	-14.00	0.27	-9.00	0	0	176
22:35	41.13	45.50	28.88	32.25	24.38	0.00	0.00	z	0	0	0	0	0	0.00	2197107	9615267	620037	0	-13.25	-0.28	-9.00	0	0	176
22:36	41.13	45.50	28.88	32.25	24.38	0.00	0.00	z	0	0	0	0	0	0.00	2197107	9615267	620037	0	-13.25	-0.25	-9.00	0	0	176
22:37	41.00	45.50	28.88	32.25	24.38	0.00	-0.16	z	0	0	0	0	0	0.00	2197107	9615267	620037	0	-13.25	0.45	-9.13	0	0	176
22:38	41.00	45.50	28.75	32.25	24.25	0.00	-0.10	z	0	0	0	0	0	0.00	2197107	9615267	620037	0	-13.25	-0.59	-9.13	0	0	176
22:39	41.00	45.50	28.75	32.00	24.25	0.00	-0.01	z	0	0	0	0	0	0.00	2197107	9615267	620037	0	-13.50	0.45	-9.13	0	0	176
22:40	41.00	45.50	28.75	32.38	24.25	0.00	0.00	z	0	0	0	0	0	0.00	2197107	9615267	620037	0	-13.13	0.05	-9.13	0	0	176
22:41	41.00	45.50	28.75	32.25	24.13	0.00	0.00	z	0	0	0	0	0	0.00	2197107	9615267	620037	0	-13.25	0.04	-9.13	0	0	176
22:42	41.00	45.50	28.75	32.25	24.13	0.00	0.00	z	0	0	0	0	0	0.00	2197107	9615267	620037	0	-13.25	0.23	-9.13	0	0	176
22:43	41.00	45.50	28.75	32.50	24.13	0.00	0.00	z	0	0	0	0	0	0.00	2197107	9615267	620037	0	-13.00	-0.20	-9.13	0	0	176
22:44	41.00	45.50	28.63	32.50	24.13	0.00	0.00	z	0	0	0	0	0	0.00	2197107	9615267	620037	0	-13.00	0.60	-9.13	0	0	176
22:45	40.97	45.50	28.63	31.75	24.00	0.00	-0.12	z	0	0	0	0	0	0.00	2197107	9615267	620037	0	-13.75	-0.13	-9.16	0	0	176
22:46	40.88	45.50	28.63	32.25	24.00	0.00	0.09	z	0	0	0	0	0	0.00	2197107	9615267	620037	0	-13.25	0.20	-9.25	0	0	176
22:47	40.88	45.50	28.63	31.25	24.00	0.00	-0.03	z	0	0	0	0	0	0.00	2197107	9615267	620037	0	-14.25	0.23	-9.25	0	0	176
22:48	40.88	45.50	28.63	31.75	24.00	0.00	-0.01	z	0	0	0	0	0	0.00	2197107	9615267	620037	0	-13.75	-0.08	-9.25	0	0	176
22:49	40.88	45.50	28.63	32.00	23.88	0.00	0.00	z	0	0	0	0	0	0.00	2197107	9615267	620037	0	-13.50	0.18	-9.25	0	0	176
22:50	40.88	45.50	28.63	32.00	23.88	0.00	0.00	z	0	0	0	0	0	0.00	2197107	9615267	620037	0	-13.50	0.23	-9.25	0	0	176
22:51	40.88	45.50	28.50	32.00	23.88	0.00	0.00	z	0	0	0	0	0	0.00	2197107	9615267	620037	0	-13.50	0.03	-9.25	0	0	176
22:52	40.75	45.50	28.50	32.00	23.75	0.00	0.10	z	0	0	0	0	0	0.00	2197107	9615267	620037	0	-13.50	-0.22	-9.38	0	0	176
22:53	40.75	45.38	28.50	32.25	23.75	0.00	-0.04	z	0	0	0	0	0	0.00	2197107	9615267	620037	0	-13.25	-0.32	-9.38	0	0	176
22:54	40.75	45.50	28.50	31.75	23.75	0.00	-0.01	z	0	0	0	0	0	0.00	2197107	9615267	620037	0	-13.75	-0.37	-9.38	0	0	176
22:55	40.75	45.38	28.50	32.00	23.75	0.00	0.00	z	0	0	0	0	0	0.00	2197107	9615267	620037	0	-13.50	0.07	-9.38	0	0	176
22:56	40.75	45.38	28.50	32.00	23.63	0.00	0.00	z	0	0	0	0	0	0.00	2197107	9615267	620037	0	-13.50	0.42	-9.38	0	0	176
22:57	40.75	45.38	28.38	32.00	23.63	0.00	0.00	z	0	0	0	0	0	0.00	2197107	9615267	620037	0	-13.50	-0.47	-9.38	0	0	176
22:58	40.75	45.38	28.38	32.25	23.63	0.00	0.00	z	0	0	0	0	0	0.00	2197107	9615267	620037	0	-13.25	0.35	-9.38	0	0	176
22:59	40.75	45.38	28.38	31.50	23.63	0.00	0.00	z	0	0	0	0	0	0.00	2197107	9615267	620037	0	-14.00	-0.77	-9.38	0	0	176
23:0	40.63	45.38	28.38	32.25	23.50	0.00	-0.16	z	0	0	0	0	0	0.00	2197107	9615267	620037	0	-13.25	0.42	-9.50	0	0	176
23:1	40.63	45.38	28.38	31.00	23.50	0.00	-0.03	z	0	0	0	0	0	0.00	2197107	9615267	620037	0	-14.50	-1.30	-9.50	0	0	176
23:2	40.63	45.38	28.38	32.00	23.50	0.00	0.00	z	0	0	0	0	0	0.00	2197107	9615267	620037	0	-13.50	0.52	-9.50	0	0	176
23:3	40.63	45.38	28.25	31.63	23.50	0.00	0.00	z	0	0	0	0	0	0.00	2197107	9615267	620037	0	-13.88	-0.21	-9.50	0	0	176
23:4	40.63	45.38	28.25	31.50	23.38	0.00	0.00	z	0	0	0	0	0	0.00	2197107	9615267	620037	0	-14.00	-0.68	-9.50	0	0	176
23:5	40.63	45.38	28.25	32.00	23.38	0.00	0.00	z	0	0	0	0	0	0.00	2197107	9615267	620037	0	-13.50	0.13	-9.50	0	0	176
23:6	40.59	45.38	28.25	31.50	23.38	0.00	-0.16	z	0	0	0	0	0	0.00	2197107	9615267	620037	0	-14.00	-0.80	-9.53	0	0	176
23:7	40.50	45.38	28.25	31.75	23.38	0.00	-0.03	z	0	0	0	0	0	0.00	2197107	9615267	620037	0	-13.75	-0.22	-9.63	0	0	176
23:8	40.50	45.38	28.13	32.00	23.25	0.00	0.00	z	0	0	0	0	0	0.00	2197107	9615267	620037	0	-13.50	0.10	-9.63	0	0	176
23:9	40.50	45.38	28.13	32.00	23.25	0.00	0.00	z	0	0	0	0	0	0.00	2197107	9615267	620037	0	-13.50	-0.18	-9.63	0	0	176
23:10	40.50	45.38	28.13	31.50	23.25	0.00	0.00	z	0	0	0	0	0	0.00	2197107	9615267	620037	0	-14.00	-0.27	-9.63	0	0	176
23:11	40.50	45.38	28.13	31.25	23.25	0.00	0.00	z	0	0	0	0	0	0.00	2197107	9615267	620037	0	-14.25	-0.75	-9.63	0	0	176
23:12	40.50	45.38	28.13	31.75	23.13	0.00	0.00	z	0	0	0	0	0	0.00	2197107	9615267	620037	0	-13.75	-0.08	-9.63	0	0	176
23:13	40.50	45.38	28.13	31.50	23.13	0.00	0.00	z	0	0	0	0	0	0.00	2197107	9615267	620037	0	-14.00	-0.32	-9.63	0	0	176
23:15	40.50	45.38	28.13	31.50	23.13	0.00	0.00	z	0	0	0	0	0	0.00	2197107	9615267	620037	0	-14.00	-0.45	-9.63	0	0	176
23:16	40.50	45.38	28.13	31.75	23.13	0.00	-0.12	z	0	0	0	0	0	0.00	2197107	9615267	620037	0	-13.75	0.25	-9.63	0	0	176
23:17	40.38	45.38	28.00	31.75	23.00	0.00	-0.03	z	0	0	0	0	0	0.00	2197107	9615267	620037	0	-13.75	-0.15	-9.75	0	0	176
23:18	40.38	45.25	28.00	31.63	23.00	0.00	-0.00	z	0	0	0	0	0	0.00	2197107	9615267	620037	0	-13.88	-0.40	-9.75	0	0	176
23:19	40.38	45.38	28.00	32.00	23.00	0.00	0.00	z	0	0	0	0	0	0.00	2197107	9615267	620037	0	-13.50	0.38	-9.75	0	0	176
23:20	40.38	45.25	28.00	31.75	23.00	0.00	0.00	z	0	0	0	0	0	0.00	2197107	9615267	620037	0	-13.75	-0.25	-9.75	0	0	176
23:21	40.38	45.38	28.00	31.25	23.00	0.00	0.00	z	0	0	0	0	0	0.00	2197107	9615267	620037	0	-14.25	-0.68	-9.75	0	0	176
23:22	40.38	45.25	28.00	31.75	22.88	0.00	0.00	z	0	0	0	0	0	0.00	2197107	9615267	620037	0	-13.75	0.13	-9.75	0	0	176
23:23	40.34	45.38	27.88	31.50	22.88	0.00	-0.01	z	0	0	0	0	0	0.00	2197107	9615267	620037	0	-14.00	-0.38	-9.78	0	0	176
23:24	40.25	45.25	27.88	31.75	22.88	0.00	-0.05	z	0	0	0	0	0	0.00	2197107	9615267	620037	0	-13.75	0.05	-9.88	0	0	176
23:25	40.25	45.25	27.88	31.75	22.88	0.00	-0.01	z	0	0	0	0	0	0.00	2197107	9615267	620037	0	-13.75	-0.18	-9.88	0	0	176
23:26	40.25	45.38	27.88	31.50	22.88	0.00	0.00	z	0	0	0	0	0	0.00	2197107	9615267	620037	0	-14.00	-0.70	-9.88	0	0	176
23:27	40.25	45.25	27.88	31.38	22.75	0.00	0.00	z	0	0	0	0	0	0.00	2197107	9615267	620037	0	-14.13	0.32	-9.88	0	0	176
23:28	40.25	45.25	27.88	32.00	22.75	0.00	0.00	z	0	0	0	0	0	0.00	2197107	9615267	620037	0	-13.50	0.23	-9.88	0	0	176
23:29	40.25	45.25	27.75	31.50	22.75	0.00	0.00	z	0	0	0	0	0	0.00	2197107	9615267	620037	0	-14.00	0.23	-9.88	0	0	176
23:30	40.25	45.25	27.75	31.50	22.75	0.00	0.00	z	0	0	0	0	0	0.00	2197107	9615267	620037	0	-14.00	-0.20	-9.88	0	0	176
23:31	40.13	45.25	27.75	31.00	22.63	0.00	-0.13	z	0	0	0	0	0	0.00	2197107	9615267	620037	0	-14.50	0.60	-10.00	0	0	176
23:32	40.13	45.25	27.75	31.75	22.63	0.00	-0.02	z	0	0	0	0	0	0.00	2197107	9615267	620037	0	-13.75	0.58	-10.00	0	0	176
23:33	40.13	45.25	27.75	31.50	22.63	0.00	0.00	z	0	0	0	0	0	0.00	2197107	9615267	620037	0	-14.00	-0.39	-10.00	0	0	176
23:34	40.13	45.25	27.63	31.75	22.63	0.00	0.00	z	0	0	0	0	0	0.00	2197107	9615267	620037	0	-13.75	-0.02	-10.00	0	0	176
23:35	40.13	45.25	27.63	31.25	22.63	0.00	0.00	z	0	0	0	0	0	0.00	2197107	9615267	620037	0	-14.25	-0.51	-10.00	0	0	176
23:36	40.13	45.25	27.63	31.25	22.50	0.00	0.00	z	0	0	0	0	0	0.00	2197107	9615267	620037	0	-14.25	-0.08	-10.00	0	0	176
23:37	40.00	45.25	27.63	31.75	22.50	0.00	0.00	z	0	0	0	0	0	0.00	2197107	9615267	620037	0	-13.75	0.32	-10.13	0	0	176
23:38	40.00	45.25	27.63	31.75	22.50	0.00	-0.06	z	0	0	0	0	0	0.00	2197107	9615267	620037	0	-13.75	-0.19	-10.13	0	0	176
23:39	40.00	45.25	27.63	31.50	22.50	0.00	-0.01	z	0	0	0	0	0	0.00	2197107	9615267	620037	0	-14.00	-0.47	-10.13	0	0	176
23:40	40.00	45.25	27.63	31.50	22.50	0.00	0.00	z	0	0	0	0	0	0.00	2197107	9615267	620037	0	-14.00	0.05	-10.13	0	0	176
23:41	40.00	45.25	27.50	31.38	22.38	0.00	0.00	z	0	0	0	0	0	0.00	2197107	9615267	620037	0	-14.13	0.02	-10.13	0	0	176
23:42	40.00	45.25	27.50	31.50	22.38	0.00	0.00	z	0	0	0	0	0	0.00	2197107	9615267	620037	0	-14.00	-0.52	-10.13	0	0	176
23:43	40.00	45.25	27.50	31.50	22.38	0.00	0.00	z	0	0	0	0	0	0.00	2197107	9615267	620037	0	-14.00	0.27	-10.13	0	0	176
23:44	40.00	45.25	27.50	31.50	22.38	0.00	0.00	z	0	0	0	0	0	0.00	2197107	9615267	620037	0	-14.00	0.13	-10.13	0	0	176
23:45	39.97	45.25	27.50	31.50	22.38	0.00	0.00	z	0	0	0	0	0	0.00	2197107	9615267	620037	0	-14.00	-0.73	-10.16	0	0	176
23:46	39.88	45.25	27.50	31.25	22.38	0.00	-0.16	z	0	0	0	0	0	0.00	2197107	9615267	620037	0	-14.25	-0.52	-10.25	0	0	176
23:47	39.88	45.25	27.50	31.25	22.25	0.00	-0.03	z	0	0	0	0	0	0.00	2197107	9615267	620037	0	-14.25	-0.15	-10.25	0	0	176
23:48	39.88	45.25	27.38	31.25	22.25	0.00	0.00	z	0	0	0	0	0	0.00	2197107	9615267	620037	0	-14.25	0.42	-10.25	0	0	176
23:49	39.88	45.25	27.38	31.50	22.25	0.00	0.00	z	0	0	0	0	0	0.00	2197107	9615267	620037	0	-14.00	0.47	-10.25	0	0	176
23:50	39.88	45.25	27.38	31.75	22.25	0.00	0.00	z	0	0	0	0	0	0.00	2197107	9615267	620037	0	-13.75	-0.05	-10.25	0	0	176
23:51	39.75	45.13	27.38	31.75	22.13	0.00	0.00	z	0	0	0	0	0	0.00	2197107	9615267	620037	0	-13.75	-0.53	-10.38	0	0	176
23:52	39.75	45.13	27.38	31.25	22.13	0.00	-0.04	z	0	0	0	0	0	0.00	2197107	9615267	620037	0	-14.25	0.43	-10.38	0	0	176
23:53	39.75	45.13	27.38	31.25	22.13	0.00	-0.05	z	0	0	0	0	0	0.00	2197107	9615267	620037	0	-14.25	-0.02	-10.38	0	0	176
23:54	39.75	45.13	27.25	31.75	22.13	0.00	-0.01	z	0	0	0	0	0	0.00	2197107	9615267	620037	0	-13.75	0.50	-10.38	0	0	176
23:55	39.75	45.13	27.25	31.50	22.13	0.00	0.00	z	0	0	0	0	0	0.00	2197107	9615267	620037	0	-14.00	-0.55	-10.38	0	0	176
23:56	39.75	45.13	27.25	31.75	22.13	0.00	0.00	z	0	0	0	0	0	0.00	2197107	9615267	620037	0	-13.75	0.10	-10.38	0	0	176
23:57	39.75	45.13	27.25	31.50	22.00	0.00	0.00	z	0	0	0	0	0	0.00	2197107	9615267	620037	0	-14.00	0.35	-10.38	0	0	176
23:58	39.66	45.13	27.25	31.25	22.00	0.00	0.00	z	0	0	0	0	0	0.00	2197107	9615267	620037	0	-14.25	0.15	-10.47	0	0	176
23:59	39.63	45.13	27.25	31.50	22.00	0.00	0.00	z	0	0	0	0	0	0.00	2197107	9615267	620037	0	-14.00	0.53	-10.50	0	0	176
