13:7	0.00	0.00	0.00	0.00	0.00	0.00	0.00	A	2	50	0	0	0	0.00	0	0	0	0	0.00	0.00	0.00	0	1
13:8	0.00	0.00	0.00	0.00	0.00	0.00	0.00	A	2	50	0	0	0	0.00	0	0	0	0	0.00	0.00	0.00	0	115
13:9	0.00	0.00	0.00	0.00	0.00	0.00	0.00	A	2	50	0	0	0	0.00	0	0	0	0	0.00	0.00	0.00	0	73
13:10	0.00	0.00	0.00	0.00	0.00	0.00	0.00	A	2	50	0	0	0	0.00	0	0	0	0	0.00	0.00	0.00	0	105
13:26	0.00	0.00	0.00	36.00	0.00	0.00	0.00	A	2	50	0	0	0	0.00	0	0	0	0	36.00	38.26	0.00	0	38
13:27	0.00	0.00	0.00	35.75	0.00	0.00	0.00	A	2	50	0	0	0	0.00	0	0	0	0	35.75	-0.79	0.00	0	238
13:29	0.00	0.00	0.00	34.50	0.00	0.00	0.00	A	2	50	0	0	0	0.00	0	0	0	0	34.50	36.65	0.00	0	52
13:30	0.00	0.00	0.00	34.25	0.00	0.00	0.00	A	2	50	0	0	0	0.00	0	0	0	0	34.25	-0.79	0.00	0	66
13:31	0.00	0.00	0.00	34.25	0.00	0.00	0.00	A	2	50	0	0	0	0.00	0	0	0	0	34.25	0.01	0.00	0	193
13:32	0.00	0.00	0.00	33.75	0.00	0.00	0.00	A	2	50	0	0	0	0.00	0	0	0	0	33.75	-0.51	0.00	0	135
13:34	0.00	0.00	0.00	34.00	0.00	0.00	0.00	A	2	50	0	0	0	0.00	0	0	0	0	34.00	36.10	0.00	0	247
13:35	0.00	0.00	0.00	33.50	0.00	0.00	0.00	A	2	50	0	0	0	0.00	0	0	0	0	33.50	-0.51	0.00	0	60
13:48	0.00	0.00	0.00	0.00	0.00	0.00	0.00	A	2	50	0	0	0	0.00	0	0	0	0	0.00	0.00	0.00	0	85
13:49	0.00	0.00	0.00	0.00	0.00	0.00	0.00	A	2	50	0	0	0	0.00	0	0	0	0	0.00	0.00	0.00	0	57
13:50	0.00	0.00	0.00	0.00	0.00	0.00	0.00	A	2	50	0	0	0	0.00	0	0	0	0	0.00	0.00	0.00	0	86
13:51	0.00	0.00	0.00	0.00	0.00	0.00	0.00	A	2	50	0	0	0	0.00	0	0	0	0	0.00	0.00	0.00	0	128
13:52	0.00	0.00	0.00	0.00	0.00	0.00	0.00	A	2	50	0	0	0	0.00	0	0	0	0	0.00	0.00	0.00	0	213
13:53	0.00	0.00	0.00	0.00	0.00	0.00	0.00	A	2	50	0	0	0	0.00	0	0	0	0	0.00	0.00	0.00	0	170
13:54	0.00	0.00	0.00	0.00	0.00	0.00	0.00	A	2	50	0	0	0	0.00	0	0	0	0	0.00	0.00	0.00	0	69
13:55	0.00	0.00	0.00	0.00	0.00	0.00	0.00	A	2	50	0	0	0	0.00	0	0	0	0	0.00	0.00	0.00	0	13
13:56	0.00	0.00	0.00	0.00	0.00	0.00	0.00	A	2	50	0	0	0	0.00	0	0	0	0	0.00	0.00	0.00	0	126
13:58	0.00	0.00	0.00	0.00	0.00	0.00	0.00	A	2	50	0	0	0	0.00	0	0	0	0	0.00	0.00	0.00	0	12
13:59	0.00	0.00	0.00	0.00	0.00	0.00	0.00	A	2	50	0	0	0	0.00	0	0	0	0	0.00	0.00	0.00	0	83
14:7	0.00	0.00	0.00	0.00	0.00	0.00	0.00	A	2	50	0	0	0	0.00	0	0	0	0	0.00	0.00	0.00	0	24
14:8	0.00	0.00	0.00	0.00	0.00	0.00	0.00	A	2	50	0	0	0	0.00	0	0	0	0	0.00	0.00	0.00	0	95
14:9	0.00	0.00	0.00	0.00	0.00	0.00	0.00	A	2	50	0	0	0	0.00	0	0	0	0	0.00	0.00	0.00	0	218
14:13	49.00	30.75	39.63	0.00	30.25	0.00	0.00	S	2	0	0	0	0	32.50	0	0	0	0	0.00	0.00	0.00	0	185
14:14	49.00	30.75	39.63	0.00	30.25	0.00	0.00	S	2	0	0	0	0	32.50	365	17105	29436	0	0.00	0.00	0.00	0	46
14:15	49.00	30.75	39.63	0.00	30.25	0.00	0.00	S	2	0	1	0	0	32.38	8026	18457	29436	903	0.00	0.00	0.00	0	124
14:16	49.00	30.75	39.63	0.00	30.25	0.00	0.00	S	2	0	0	0	0	32.38	8026	26923	29436	903	0.00	0.00	0.00	0	197
14:17	49.00	30.75	39.63	0.00	30.25	0.00	-0.00	S	2	0	0	0	0	32.38	8026	26923	29436	903	0.00	0.00	0.00	0	202
14:18	49.00	30.75	39.63	0.00	30.25	0.00	0.00	S	2	0	0	0	0	32.38	8026	26923	29436	903	0.00	0.00	0.00	0	238
14:19	49.00	30.75	39.63	0.00	30.25	0.00	0.00	S	2	0	0	0	0	32.38	8026	26923	29436	903	0.00	0.00	0.00	0	54
14:20	49.00	30.75	39.63	0.00	30.25	0.00	0.00	S	2	0	0	0	0	32.38	8026	26923	29436	903	0.00	0.00	0.00	0	155
14:21	49.00	30.75	39.63	0.00	30.25	0.00	0.00	S	2	0	0	0	0	32.38	8026	26923	29436	903	0.00	0.00	0.00	0	56
14:22	49.00	30.75	39.63	0.00	30.25	0.00	0.00	S	2	0	0	0	0	32.38	8026	26923	29436	903	0.00	0.00	0.00	0	174
14:23	49.00	30.75	39.63	0.00	30.25	0.00	0.00	S	2	0	0	0	0	32.38	8026	26923	29436	903	0.00	0.00	0.00	0	78
14:24	49.00	30.75	39.63	0.00	30.25	0.00	0.00	S	2	0	0	0	0	32.38	8026	26923	29436	903	0.00	0.00	0.00	0	176
14:25	49.00	30.75	39.63	0.00	30.25	0.00	0.00	S	2	0	0	0	0	32.38	8026	26923	29436	903	0.00	0.00	0.00	0	129
14:26	49.00	30.75	39.50	0.00	30.25	0.00	-0.00	S	2	0	0	0	0	32.38	8026	26923	29436	903	0.00	0.00	0.00	0	219
14:27	49.00	30.63	39.50	0.00	30.25	0.00	0.00	S	2	0	0	0	0	32.38	8026	26923	29436	903	0.00	0.00	0.00	0	112
14:28	49.00	30.63	39.63	0.00	30.25	0.00	-0.00	S	2	0	0	0	0	32.38	8026	26923	29436	903	0.00	0.00	0.00	0	249
14:29	49.00	30.63	39.50	0.00	30.25	0.00	0.00	S	2	0	0	0	0	32.25	8026	26923	29436	903	0.00	0.00	0.00	0	148
14:31	49.00	30.63	39.50	0.00	30.25	0.00	0.00	S	2	0	0	0	0	32.25	5253	1496	20874	837	0.00	0.00	0.00	0	213
14:32	-127.00	-127.00	-127.00	0.00	-127.00	0.00	-185.14	S	2	0	0	0	0	-127.00	5253	1496	20874	1734	0.00	0.00	-176.00	0	157
14:33	-127.00	-127.00	-127.00	0.00	-127.00	0.00	0.00	S	2	0	0	0	0	-127.00	5253	1496	20874	1734	0.00	0.00	-176.00	0	90
17:49	48.38	30.25	37.88	32.75	30.25	0.00	0.00	S	2	0	0	0	0	0.00	0	4837	20108	0	0.50	36.02	0.00	0	243
17:50	48.38	30.25	37.88	32.50	30.25	0.00	-0.00	S	2	0	0	0	0	0.00	0	4837	20108	0	0.25	-0.26	0.00	0	140
17:51	48.38	30.25	37.88	33.00	30.25	0.00	0.00	S	2	0	0	0	0	0.00	901	4837	20108	601	0.75	0.22	0.00	0	144
17:52	48.38	30.25	37.88	32.25	30.25	0.00	0.00	S	2	0	0	0	0	0.00	901	4837	20108	601	0.00	-0.80	0.00	0	102
17:53	48.38	30.25	37.88	33.00	30.25	0.00	0.00	S	2	0	0	0	0	0.00	2047	8736	24456	3053	0.75	0.81	0.00	0	27
17:54	48.38	30.25	37.88	32.75	30.25	0.00	0.00	S	2	0	0	0	0	0.00	3046	10834	25057	3599	0.50	-0.26	0.00	0	146
17:55	48.38	30.25	37.88	33.00	30.25	0.00	0.00	S	2	19	0	0	0	0.00	3497	10834	25057	3599	0.75	0.25	0.00	0	104
17:56	48.38	30.25	37.88	33.25	30.25	0.00	-0.01	S	2	0	0	0	0	0.00	3497	10834	27271	4704	1.00	0.26	0.00	0	133
17:57	48.25	30.25	37.88	32.50	30.25	0.00	-0.14	S	2	0	0	0	0	0.00	3497	14380	28919	5904	0.25	-0.85	-0.13	0	91
17:58	48.25	29.63	37.88	33.00	30.13	0.00	0.00	S	2	0	0	0	0	0.00	5147	14380	28919	6955	0.75	0.28	-0.13	0	83
18:0	48.13	31.63	37.88	33.00	30.13	0.00	-0.13	S	2	0	0	0	0	0.00	6050	0	11945	0	-0.25	36.04	-0.13	0	152
18:1	48.13	33.75	37.75	33.25	30.13	0.00	-0.00	S	2	0	0	0	0	0.00	6050	0	11945	0	0.00	-0.01	-0.13	0	123
18:2	48.00	33.88	37.75	33.00	30.13	0.00	-0.14	S	2	0	0	0	0	0.00	6050	0	11945	0	-0.25	0.00	-0.25	0	48
18:4	47.88	34.25	37.75	33.00	30.13	0.00	-0.00	S	2	0	0	0	0	0.00	2100	0	6069	0	0.00	36.06	0.00	0	84
18:5	47.75	34.88	37.75	32.75	30.13	0.00	-0.14	S	2	0	0	0	0	0.00	2100	0	6069	0	-0.25	-0.52	-0.13	0	66
18:6	47.63	34.63	37.75	32.75	30.13	0.00	-0.14	S	2	0	0	0	0	0.00	2100	0	6069	0	-0.25	0.01	-0.25	0	210
18:7	47.50	34.13	37.75	33.00	30.13	0.00	-0.13	S	2	0	0	0	0	0.00	2100	0	6069	0	0.00	0.27	-0.38	0	156
18:8	47.50	33.50	37.75	32.75	30.13	0.00	-0.00	S	2	0	0	0	0	0.00	2100	0	6069	0	-0.25	-0.26	-0.38	0	83
18:9	47.38	33.13	37.75	33.00	30.13	0.00	-0.13	S	2	0	0	0	0	0.00	2100	0	6069	0	0.00	-0.01	-0.50	0	188
18:10	47.38	32.75	37.63	32.50	30.13	0.00	-0.00	S	2	0	0	0	0	0.00	2100	0	6069	0	-0.50	-0.29	-0.50	0	249
18:11	47.38	32.38	37.63	32.25	30.13	0.00	0.00	S	2	0	0	0	0	0.00	2100	0	6069	0	-0.75	-0.78	-0.50	0	124
18:12	47.38	32.13	37.63	33.00	30.13	0.00	-0.00	S	2	0	0	0	0	0.00	4203	0	6069	0	0.00	0.77	-0.50	0	212
18:13	47.25	32.38	37.63	32.75	30.13	0.00	-0.13	S	2	0	0	0	0	0.00	4203	601	6764	0	-0.25	0.26	-0.63	0	216
18:14	47.38	33.00	37.63	32.75	30.13	0.00	0.14	S	2	0	0	0	0	0.00	4203	601	6764	1949	-0.25	0.01	-0.50	0	139
18:15	47.25	33.00	37.63	33.00	30.13	0.00	-0.14	S	2	0	0	0	0	0.00	4203	601	6764	2701	0.00	0.26	-0.63	0	49
18:16	47.25	32.75	37.63	32.75	30.13	0.00	0.00	S	2	0	0	0	0	0.00	4203	601	6764	2701	-0.25	-0.27	-0.63	0	26
18:18	47.25	34.00	37.63	33.00	30.00	0.00	0.00	2	2	50	0	0	0	0.00	0	0	0	0	0.50	36.06	0.00	0	168
18:19	47.25	34.75	37.63	32.25	30.13	0.00	0.00	2	2	50	0	0	0	0.00	0	0	0	0	-0.25	-0.80	0.00	0	25
18:20	47.13	34.63	37.63	32.75	30.00	0.00	-0.13	2	2	50	0	0	0	0.00	0	0	0	0	0.25	0.00	-0.13	0	81
18:21	47.13	34.13	37.50	32.75	30.00	0.00	0.00	2	2	50	0	0	0	0.00	0	0	0	0	0.25	0.00	-0.13	0	182
18:22	47.00	33.63	37.50	33.00	30.00	0.00	-0.14	2	2	50	0	0	0	0.00	0	0	0	0	0.50	0.26	-0.25	0	119
18:23	47.00	34.25	37.50	32.75	30.00	0.00	0.00	S	2	0	0	0	0	0.00	0	599	8851	3412	0.00	35.77	0.00	0	30
18:25	46.88	35.25	37.50	32.75	30.00	0.00	-0.13	S	2	0	0	0	0	0.00	0	599	8851	3412	0.00	0.26	-0.13	0	162
18:26	46.88	35.13	37.50	32.75	30.00	0.00	0.00	S	2	0	0	0	0	0.00	0	599	8851	3412	0.00	0.27	-0.13	0	86
18:27	46.75	34.75	37.50	32.50	30.00	0.00	-0.14	S	2	4	0	0	0	0.00	0	599	8851	3412	-0.25	-0.26	-0.25	0	212
18:28	46.75	34.13	37.50	32.75	30.00	0.00	0.00	S	2	0	0	0	0	0.00	0	599	8851	3412	0.00	0.27	-0.25	0	175
18:29	46.63	33.75	37.50	32.75	30.00	0.00	-0.14	S	2	0	0	0	0	0.00	0	599	8851	3412	0.00	-0.00	-0.38	0	31
18:30	46.63	33.38	37.50	32.25	30.00	0.00	-0.00	S	2	0	0	0	0	0.00	0	599	8851	3412	-0.50	-0.80	-0.38	0	30
18:31	46.63	33.00	37.50	32.75	30.00	0.00	-0.00	S	2	0	0	0	0	0.00	0	599	8851	3412	0.00	-0.04	-0.38	0	47
18:33	46.50	34.13	37.38	32.75	29.88	0.00	0.01	S	2	0	0	0	0	0.00	0	0	18328	0	0.00	35.78	-0.13	0	196
18:34	36.50	46.50	37.38	32.50	29.88	0.00	-10.94	S	2	0	0	0	0	0.00	0	0	18328	0	-0.25	0.01	-10.13	0	77
18:35	36.75	46.50	37.25	32.75	30.00	0.00	0.14	S	2	0	0	0	0	0.00	0	0	18328	0	0.00	-0.01	-9.88	0	177
18:36	36.13	46.38	37.25	32.50	30.00	0.00	-0.53	S	2	0	0	0	0	0.00	0	0	18328	0	-0.25	-0.27	-10.50	0	134
18:37	35.50	46.38	37.25	32.50	30.00	0.00	-0.67	S	2	0	0	0	0	0.00	0	0	18328	0	-0.25	0.01	-11.13	0	41
18:38	35.00	46.25	37.25	32.50	29.88	0.00	-0.54	S	2	0	0	0	0	0.00	0	0	18328	0	-0.25	0.29	-11.63	0	31
18:39	34.50	46.25	37.25	32.00	29.88	0.00	-0.40	F	2	60	0	0	0	0.00	24948	0	18328	0	0.00	-0.79	0.00	1	153
18:40	34.13	46.25	37.13	32.50	29.88	0.00	-0.40	F	2	60	0	0	0	0.00	24948	0	18328	0	0.75	0.29	0.00	1	151
18:41	33.88	46.25	37.13	32.50	29.88	0.00	-0.27	F	2	60	0	0	0	0.00	24948	0	18328	0	0.75	-0.00	0.13	0	149
18:42	33.63	46.13	37.13	32.50	29.88	0.00	-0.14	F	2	60	0	0	0	0.00	49851	0	18328	0	0.75	-0.27	0.13	1	149
18:43	33.38	46.13	37.13	32.50	29.88	0.00	-0.14	F	2	60	0	0	0	0.00	49851	0	18328	0	0.75	-0.03	0.00	1	153
18:44	33.13	46.13	37.13	33.00	29.88	0.00	-0.27	2	2	81	0	0	0	0.00	60300	0	18328	0	0.50	0.25	-0.13	0	155
18:45	33.00	46.13	37.25	32.75	29.75	0.00	-0.13	2	2	81	0	0	0	0.00	79503	0	18328	0	0.25	0.23	-0.25	0	149
18:46	32.88	46.13	37.50	32.50	29.88	0.00	-0.14	2	2	81	0	0	0	0.00	89905	0	18328	0	0.00	-0.27	-0.38	0	150
18:47	32.75	46.13	38.13	32.50	29.75	0.00	-0.14	2	2	81	0	0	0	0.00	109278	0	18328	0	0.00	0.25	-0.50	0	154
18:48	38.75	46.13	32.75	32.50	29.75	0.00	6.27	2	2	81	0	0	0	0.00	119574	0	18328	0	0.00	0.27	5.50	0	151
18:49	39.50	46.13	32.75	32.50	29.75	0.00	0.67	2	2	81	0	0	0	0.00	138962	0	18328	0	0.00	0.82	6.25	0	164
18:50	40.75	46.13	32.75	32.25	31.25	0.00	1.21	2	2	81	0	0	0	0.00	149448	0	18328	0	-0.25	-0.28	7.50	0	167
18:51	42.00	46.13	32.88	32.50	30.63	0.00	1.22	2	2	81	0	0	0	0.00	168822	0	18328	0	0.00	0.29	8.75	0	169
18:52	43.38	46.13	33.13	33.25	30.38	0.00	1.35	2	2	81	0	0	0	0.00	179227	0	18328	0	0.75	0.54	10.13	0	165
18:53	44.63	46.13	33.50	33.00	30.13	0.00	1.35	2	2	81	0	0	0	0.00	198597	0	18328	0	0.50	-0.28	11.38	0	165
18:54	46.00	46.13	34.00	32.75	30.13	0.00	1.35	2	2	81	0	0	0	0.00	208895	0	18328	0	0.25	0.00	12.75	0	170
18:55	47.38	46.13	34.50	33.50	30.00	0.00	1.35	2	2	81	0	0	0	0.00	228353	0	18328	0	1.00	1.06	14.13	0	163
18:56	48.88	46.13	35.25	34.00	30.00	0.00	1.49	2	2	81	0	0	0	0.00	238712	0	18328	0	1.50	0.57	15.63	0	166
18:57	50.38	46.13	37.13	34.75	30.13	0.00	1.49	r	2	81	0	1	0	0.00	246210	0	74882	0	0.75	0.79	1.25	0	170
18:58	51.50	46.13	40.88	33.75	30.13	0.00	1.09	1	2	41	0	1	0	0.00	250114	0	135042	0	-1.00	-1.10	0.63	0	104
18:59	52.13	46.50	43.50	34.00	30.25	0.00	0.55	1	2	41	0	1	0	0.00	257859	0	195178	0	-0.75	-0.28	1.25	0	100
19:0	52.13	46.88	45.00	34.00	30.25	0.00	0.00	1	2	41	0	1	0	0.00	261965	0	255264	39533	-0.75	0.23	1.25	0	101
19:1	51.88	47.13	45.75	34.00	30.25	0.00	-0.13	1	2	41	0	1	0	0.00	270028	0	315381	39533	-0.75	-0.28	1.00	0	102
19:2	51.75	47.50	46.13	34.00	30.38	0.00	-0.14	1	2	41	0	1	0	0.00	273930	0	375425	39533	-0.75	-0.02	0.88	0	101
19:3	51.50	47.63	46.38	34.25	30.38	0.00	-0.27	1	2	41	0	1	0	0.00	281730	0	435470	39533	-0.50	0.25	0.63	0	101
19:4	51.50	47.88	46.63	34.25	30.50	0.00	-0.00	1	2	41	0	1	0	0.00	285630	0	495637	39533	-0.50	0.53	0.63	0	102
19:5	51.50	48.13	46.75	34.00	30.50	0.00	0.00	1	2	41	0	1	0	0.00	293381	0	555647	39533	-0.75	0.54	0.63	0	99
19:6	51.38	48.25	46.88	33.75	30.63	0.00	-0.14	1	2	41	0	1	0	0.00	297332	0	615705	39533	-1.00	-0.00	0.50	0	101
19:7	51.25	48.38	47.13	33.50	30.75	0.00	-0.14	2	2	81	0	1	0	0.00	312487	0	675799	39533	-0.50	-0.55	0.00	0	153
19:8	51.25	48.50	47.25	NAN	30.75	0.00	0.00	2	2	81	0	1	0	0.00	330975	0	735836	39533	NAN	NAN	0.00	0	164
19:9	51.63	48.63	47.38	NAN	30.88	0.00	0.41	2	2	81	0	1	0	0.00	341976	0	795934	39533	NAN	NAN	0.38	0	167
19:10	52.13	48.75	47.63	111.25	31.00	0.00	0.55	r	2	81	0	1	0	0.00	350829	0	855960	39533	NAN	25.90	0.38	0	166
19:11	53.00	48.88	48.00	64.25	31.00	0.00	0.82	1	2	41	0	1	0	0.00	354786	0	916076	39533	-17.00	-34.39	0.50	0	104
19:12	53.75	49.13	48.50	59.00	31.13	0.00	0.83	1	2	41	0	1	0	0.00	362589	0	976076	39533	-22.25	-14.81	1.25	0	100
19:13	54.13	49.25	48.88	56.25	31.25	0.00	0.42	1	2	41	0	1	0	0.00	366525	0	1036102	39533	-25.00	-3.43	1.63	0	103
19:14	54.25	49.50	49.13	55.00	31.25	0.00	0.14	1	2	41	0	1	0	0.00	374276	0	1096206	39533	-26.25	-2.00	1.75	0	103
19:15	54.38	49.75	49.25	55.25	31.38	0.00	0.13	1	2	41	0	1	0	0.00	378380	0	1156249	39533	-26.00	-1.12	1.88	0	99
19:16	54.38	49.88	49.50	54.25	31.50	0.00	0.14	1	2	41	0	1	0	0.00	386233	0	1216294	39533	-27.00	1.40	1.88	0	99
19:17	54.38	50.13	49.50	54.25	31.75	0.00	0.00	R	0	41	0	0	0	0.00	386233	0	1220659	39533	-0.75	-0.89	0.00	0	97
19:18	54.50	50.25	49.50	52.50	31.88	0.00	0.14	P	0	0	0	0	0	0.00	386233	0	1220659	39533	-1.75	-1.89	0.13	0	62
19:19	54.88	50.38	49.25	52.75	32.00	0.00	0.42	P	0	0	0	0	0	0.00	386233	0	1220659	39533	-1.50	-1.46	0.50	0	34
19:20	55.13	50.50	48.88	50.25	32.25	0.00	0.28	P	0	0	0	1	0	0.00	386233	0	1234673	39533	-4.00	-0.78	0.75	0	56
19:21	55.38	50.50	48.75	51.25	32.25	0.00	0.27	P	0	0	0	1	0	0.00	386233	0	1294818	39533	-3.00	-0.83	1.00	0	51
19:22	55.38	50.63	49.50	50.50	32.38	0.00	0.01	P	0	41	0	0	0	0.00	391331	0	1341788	39533	-3.75	-0.19	1.00	0	99
19:23	55.38	50.88	49.88	51.75	32.63	0.00	0.00	z	0	0	0	0	0	0.00	391331	0	1341788	39533	0.50	0.32	0.00	0	60
19:24	55.38	51.00	49.88	50.50	32.75	0.00	-0.00	z	0	0	0	0	0	0.00	391331	0	1341788	39533	-0.75	0.93	0.00	0	54
19:25	55.38	51.00	49.50	50.75	33.00	0.00	-0.00	z	0	0	0	1	0	0.00	391331	0	1354988	39533	-0.50	0.78	0.00	0	53
19:26	55.25	51.13	49.25	51.25	33.13	0.00	-0.14	z	0	0	0	1	0	0.00	391331	0	1415065	39533	0.00	1.88	-0.13	0	52
19:27	55.13	51.25	49.75	49.25	33.38	0.00	-0.14	z	0	0	0	0	0	0.00	391331	0	1461793	39533	-2.00	-0.12	-0.25	0	53
19:28	54.88	51.38	49.75	50.75	33.50	0.00	-0.13	z	0	0	0	0	0	0.00	391331	0	1462840	39533	-0.50	-0.44	-0.50	0	51
19:29	54.75	51.50	49.63	49.50	33.75	0.00	-0.13	z	0	0	0	0	0	0.00	391331	0	1462840	39533	-1.75	0.51	-0.63	0	56
19:31	54.75	51.50	49.25	49.00	33.88	0.00	0.00	z	0	0	0	0	0	0.00	391331	0	1462840	39533	-2.25	-0.31	-0.63	0	52
19:32	54.63	51.63	49.00	50.75	34.13	0.00	-0.14	z	0	0	0	0	0	0.00	391331	0	1462840	39533	-0.50	0.93	-0.75	0	53
19:33	54.63	51.63	48.63	48.00	34.25	0.00	-0.00	z	0	0	0	0	0	0.00	391331	0	1462840	39533	-3.25	-0.56	-0.75	0	52
19:34	54.50	51.63	48.38	51.75	34.38	0.00	-0.15	z	0	0	0	0	0	0.00	391331	0	1462840	39533	0.50	4.59	-0.88	0	72
19:35	54.63	51.63	48.13	47.25	34.50	0.00	0.15	z	0	0	0	0	0	0.00	391331	0	1462840	39533	-4.00	-0.66	-0.75	0	53
19:36	54.63	51.75	48.00	50.25	34.63	0.00	0.00	z	0	0	0	0	0	0.00	391331	0	1462840	39533	-1.00	0.56	-0.75	0	53
19:37	54.75	51.75	47.88	48.00	34.75	0.00	0.15	z	0	0	0	0	0	0.00	391331	0	1462840	39533	-3.25	-0.61	-0.63	0	53
19:38	54.88	51.75	47.88	51.50	34.88	0.00	0.13	z	0	0	0	0	0	0.00	391331	0	1462840	39533	0.25	3.89	-0.50	0	53
19:39	54.88	51.75	47.75	51.00	35.13	0.00	0.00	z	0	0	0	0	0	0.00	391331	0	1462840	39533	-0.25	-1.55	-0.50	0	55
19:40	55.00	51.75	47.75	52.25	35.25	0.00	0.00	z	0	0	0	0	0	0.00	391331	0	1462840	39533	1.00	2.45	-0.38	0	52
19:41	55.25	51.75	47.38	48.50	35.38	0.00	0.14	z	0	0	0	1	0	0.00	391331	0	1515009	39533	-2.75	-0.22	-0.13	0	55
19:42	55.25	51.75	48.50	50.50	35.63	0.00	0.00	z	0	0	0	1	0	0.00	391331	0	1575110	39533	-0.75	2.00	-0.13	0	54
19:43	55.25	51.88	49.38	48.00	35.75	0.00	0.00	z	0	0	0	0	0	0.00	391331	0	1585015	39533	-3.25	-2.40	-0.13	0	55
19:44	55.13	51.88	49.50	48.25	35.88	0.00	-0.14	z	0	0	0	0	0	0.00	391331	0	1585015	39533	-3.00	-1.54	-0.25	0	53
19:45	55.13	52.00	49.25	49.75	36.00	0.00	0.00	z	0	0	0	0	0	0.00	391331	0	1585015	39533	-1.50	0.30	-0.25	0	56
19:46	55.00	52.00	48.75	48.00	36.25	0.00	-0.15	z	0	0	0	0	0	0.00	391331	0	1611792	39533	-3.25	-1.08	-0.38	0	51
19:47	54.88	52.13	48.63	50.25	36.38	0.00	-0.15	z	0	0	0	0	0	0.00	391331	0	1611792	39533	-1.00	2.89	-0.50	0	53
19:48	54.75	52.13	48.50	48.75	36.50	0.00	-0.14	z	0	0	0	0	0	0.00	391331	0	1611792	39533	-2.50	0.62	-0.63	0	51
19:49	54.75	52.25	48.00	50.25	36.63	0.00	0.00	z	0	0	0	0	0	0.00	391331	0	1611792	39533	-1.00	1.24	-0.63	0	52
19:50	54.63	52.25	47.50	49.75	36.75	0.00	-0.15	z	0	0	0	0	0	0.00	391331	0	1611792	39533	-1.50	1.86	-0.75	0	54
19:51	54.63	52.25	47.13	47.25	36.88	0.00	0.00	z	0	0	0	0	0	0.00	391331	0	1611792	39533	-4.00	-0.65	-0.75	0	55
19:52	54.50	52.25	46.88	49.50	36.88	0.00	-0.15	z	0	0	0	0	0	0.00	391331	0	1611792	39533	-1.75	-0.00	-0.88	0	53
19:53	54.50	52.25	46.63	47.75	37.00	0.00	0.00	z	0	0	0	0	0	0.00	391331	0	1611792	39533	-3.50	-3.30	-0.88	0	53
19:54	54.50	52.25	46.50	47.00	37.13	0.00	0.00	z	0	0	0	0	0	0.00	391331	0	1611792	39533	-4.25	-2.27	-0.88	0	54
19:55	54.38	52.25	46.38	48.00	37.25	0.00	-0.15	z	0	0	0	0	0	0.00	391331	0	1611792	39533	-3.25	-1.37	-1.00	0	54
19:56	54.38	52.25	46.25	48.25	37.38	0.00	0.00	z	0	0	0	0	0	0.00	391331	0	1611792	39533	-3.00	0.24	-1.00	0	53
19:57	54.38	52.25	46.13	48.00	37.50	0.00	0.00	z	0	0	0	0	0	0.00	391331	0	1611792	39533	-3.25	-0.62	-1.00	0	52
19:58	54.38	52.25	46.13	46.25	37.50	0.00	0.00	z	0	0	0	0	0	0.00	391331	0	1611792	39533	-5.00	-0.37	-1.00	0	54
19:59	54.38	52.25	46.13	46.50	37.63	0.00	-0.00	z	0	0	0	0	0	0.00	391331	0	1611792	39533	-4.75	-1.89	-1.00	0	53
20:0	54.50	52.25	46.00	46.75	37.63	0.00	0.14	z	0	0	0	0	1	0.00	391331	0	1611792	59151	-4.50	-0.84	-0.88	0	54
20:1	54.50	52.25	46.00	46.25	37.75	0.00	0.00	z	0	0	0	0	0	0.00	391331	0	1611792	79004	-5.00	-1.98	-0.88	0	53
20:2	54.50	52.25	46.00	46.00	37.75	0.00	-0.00	z	0	0	0	0	0	0.00	391331	0	1611792	79004	-5.25	-0.70	-0.88	0	53
20:3	54.63	52.25	45.88	46.50	37.88	0.00	0.15	z	0	0	0	0	0	0.00	391331	0	1611792	79004	-4.75	-0.81	-0.75	0	52
20:4	54.63	52.25	45.88	47.50	38.00	0.00	0.00	z	0	0	0	0	0	0.00	391331	0	1611792	79004	-3.75	0.39	-0.75	0	56
20:5	54.75	52.25	45.88	47.00	38.00	0.00	0.15	z	0	0	0	0	0	0.00	391331	0	1611792	79004	-4.25	0.91	-0.63	0	53
20:6	54.75	52.25	45.88	47.75	38.00	0.00	0.00	z	0	0	0	0	0	0.00	391331	0	1611792	79004	-3.50	2.36	-0.63	0	53
20:7	54.75	52.25	45.88	46.00	38.13	0.00	0.00	z	0	0	0	0	0	0.00	391331	0	1611792	79004	-5.25	-0.12	-0.63	0	54
20:8	54.88	52.25	45.75	46.50	38.13	0.00	0.15	z	0	0	0	0	0	0.00	391331	0	1611792	79004	-4.75	0.33	-0.50	0	54
20:9	54.88	52.25	45.75	45.75	38.25	0.00	0.00	z	0	0	0	0	0	0.00	391331	0	1611792	79004	-5.50	-0.03	-0.50	0	53
20:10	54.88	52.25	45.75	47.75	38.25	0.00	0.00	z	0	0	0	0	0	0.00	391331	0	1611792	79004	-3.50	1.42	-0.50	0	55
20:11	55.00	52.25	45.75	46.50	38.38	0.00	0.15	z	0	0	0	0	0	0.00	391331	0	1611792	79004	-4.75	-0.33	-0.38	0	54
20:12	55.00	52.25	45.75	46.50	38.38	0.00	0.00	z	0	0	0	0	0	0.00	391331	0	1611792	79004	-4.75	-0.37	-0.38	0	52
20:13	55.00	52.25	45.75	47.00	38.38	0.00	-0.00	z	0	0	0	0	0	0.00	391331	0	1611792	79004	-4.25	-0.82	-0.38	0	52
20:14	55.13	52.25	45.25	46.50	38.50	0.00	0.14	z	0	0	0	1	0	0.00	391331	0	1623196	79004	-4.75	-1.21	-0.25	0	54
20:15	55.13	52.25	45.75	46.25	38.50	0.00	0.00	z	0	0	0	1	0	0.00	391331	0	1683288	79004	-5.00	-0.27	-0.25	0	52
20:16	55.13	52.25	47.50	46.25	38.50	0.00	0.02	z	0	0	0	0	0	0.00	391331	0	1739273	79004	-5.00	-0.79	-0.25	0	54
20:17	55.00	52.25	48.25	46.25	38.50	0.00	-0.14	z	0	0	0	0	0	0.00	391331	0	1742424	79004	-5.00	-1.30	-0.38	0	55
20:18	54.88	52.25	47.38	56.75	38.25	0.00	-0.14	z	0	0	0	0	0	0.00	391331	0	1742424	79004	5.50	10.80	-0.50	0	60
20:19	54.75	52.38	46.63	0.00	38.00	0.00	-0.14	z	0	0	0	0	0	0.00	391331	0	1742424	79004	-51.25	-55.49	-0.63	0	54
20:20	54.75	52.38	46.25	54.00	37.88	0.00	0.00	z	0	0	0	0	0	0.00	391331	0	1742424	79004	2.75	-1.13	-0.63	0	55
20:21	54.63	52.38	46.00	55.75	37.88	0.00	-0.15	z	0	0	0	0	0	0.00	391331	0	1742424	79004	4.50	27.88	-0.75	0	55
20:22	54.63	52.38	45.75	80.50	37.88	0.00	-0.00	z	0	0	0	0	0	0.00	391331	0	1742424	79004	29.25	24.41	-0.75	0	54
20:23	54.50	52.38	45.63	65.00	38.00	0.00	-0.15	z	0	0	0	0	0	0.00	391331	0	1742424	79004	13.75	-24.75	-0.88	0	55
20:24	54.50	52.38	45.50	38.25	38.00	0.00	0.00	z	0	0	0	0	0	0.00	391331	0	1742424	79004	-13.00	-10.65	-0.88	0	54
20:25	54.38	52.38	45.38	48.25	38.00	0.00	-0.15	z	0	0	0	0	0	0.00	391331	0	1742424	79004	-3.00	12.50	-1.00	0	52
20:26	54.38	52.38	45.25	40.25	38.13	0.00	-0.00	z	0	0	0	0	0	0.00	391331	0	1742424	79004	-11.00	-28.36	-1.00	0	54
20:27	54.38	52.38	45.25	57.75	38.13	0.00	-0.00	z	0	0	0	0	0	0.00	391331	0	1742424	79004	6.50	3.56	-1.00	0	53
20:28	54.38	52.38	45.13	63.00	38.25	0.00	0.00	z	0	0	0	0	0	0.00	391331	0	1742424	79004	11.75	-28.89	-1.00	0	56
20:29	54.25	52.38	45.13	69.75	38.25	0.00	-0.14	z	0	0	0	0	0	0.00	391331	0	1742424	79004	18.50	17.15	-1.13	0	53
20:30	54.25	52.38	45.00	81.75	38.25	0.00	0.00	z	0	0	0	0	0	0.00	391331	0	1742424	79004	30.50	5.95	-1.13	0	56
20:31	54.25	52.38	45.00	75.00	38.25	0.00	-0.00	z	0	0	0	0	0	0.00	391331	0	1742424	79004	23.75	8.19	-1.13	0	56
20:32	54.25	52.38	44.88	32.25	38.38	0.00	-0.00	z	0	0	0	0	0	0.00	391331	0	1742424	79004	-19.00	-26.75	-1.13	0	53
20:33	54.25	52.38	44.88	46.25	38.38	0.00	0.00	z	0	0	0	0	0	0.00	391331	0	1742424	79004	-5.00	2.93	-1.13	0	53
20:34	54.13	52.38	44.88	46.25	38.25	0.00	-0.15	z	0	0	0	0	0	0.00	391331	0	1742424	79004	-5.00	0.61	-1.25	0	53
20:35	54.13	52.38	44.75	46.75	38.25	0.00	-0.00	z	0	0	0	0	0	0.00	391331	0	1742424	79004	-4.50	-0.03	-1.25	0	54
20:36	54.13	52.38	44.63	93.75	38.25	0.00	0.00	z	0	0	0	0	0	0.00	391331	0	1742424	79004	42.50	14.27	-1.25	0	54
20:37	54.13	52.38	44.63	58.00	38.25	0.00	0.00	z	0	0	0	0	0	0.00	391331	0	1742424	79004	6.75	-12.23	-1.25	0	54
20:38	54.00	52.38	44.63	87.75	38.25	0.00	-0.15	z	0	0	0	0	0	0.00	391331	0	1742424	79004	36.50	3.11	-1.38	0	52
20:39	54.00	52.25	44.50	54.75	38.25	0.00	0.00	z	0	0	0	0	0	0.00	391331	0	1742424	79004	3.50	9.98	-1.38	0	54
20:40	54.00	52.25	44.50	43.75	38.25	0.00	0.00	z	0	0	0	0	0	0.00	391331	0	1742424	79004	-7.50	-33.53	-1.38	0	53
20:41	54.00	52.25	44.50	68.75	38.25	0.00	-0.00	z	0	0	0	0	0	0.00	391331	0	1742424	79004	17.50	32.85	-1.38	0	53
20:42	53.88	52.25	44.50	78.00	38.25	0.00	-0.14	z	0	0	0	0	0	0.00	391331	0	1742424	79004	26.75	-7.67	-1.50	0	53
20:43	53.88	52.25	44.38	58.75	38.25	0.00	0.00	z	0	0	0	0	0	0.00	391331	0	1742424	79004	7.50	-9.57	-1.50	0	54
20:44	53.88	52.25	44.38	91.00	38.38	0.00	-0.00	z	0	0	0	0	0	0.00	391331	0	1742424	79004	39.75	57.10	-1.50	0	53
20:45	53.88	52.25	44.38	41.00	38.25	0.00	0.00	z	0	0	0	0	0	0.00	391331	0	1742424	79004	-10.25	-14.94	-1.50	0	54
20:46	53.88	52.25	44.25	78.75	38.38	0.00	0.00	z	0	0	0	0	0	0.00	391331	0	1742424	79004	27.50	0.16	-1.50	0	56
20:47	53.75	52.25	44.25	47.50	38.38	0.00	-0.15	z	0	0	0	0	0	0.00	391331	0	1742424	79004	-3.75	16.24	-1.63	0	53
20:48	53.75	52.25	44.25	65.25	38.38	0.00	0.00	z	0	0	0	0	0	0.00	391331	0	1742424	79004	14.00	38.01	-1.63	0	53
20:49	53.75	52.25	44.25	63.00	38.38	0.00	0.00	z	0	0	0	0	0	0.00	391331	0	1742424	79004	11.75	33.15	-1.63	0	53
20:50	53.63	52.25	44.25	71.75	38.38	0.00	-0.14	z	0	0	0	0	0	0.00	391331	0	1742424	79004	20.50	17.98	-1.75	0	53
20:51	53.75	52.25	44.13	88.00	38.38	0.00	-0.02	z	0	0	0	0	0	0.00	391331	0	1742424	79004	36.75	-2.87	-1.63	0	52
20:52	53.63	52.25	44.13	48.50	38.38	0.00	0.00	z	0	0	0	0	0	0.00	391331	0	1742424	79004	-2.75	-1.51	-1.75	0	54
20:53	53.63	52.25	44.00	60.75	38.38	0.00	0.00	z	0	0	0	0	0	0.00	391331	0	1742424	79004	9.50	-12.29	-1.75	0	52
20:54	53.63	52.25	44.00	51.75	38.38	0.00	-0.00	z	0	0	0	0	0	0.00	391331	0	1742424	79004	0.50	-7.40	-1.75	0	56
20:55	53.63	52.25	44.00	47.50	38.38	0.00	-0.00	z	0	0	0	0	0	0.00	391331	0	1742424	79004	-3.75	-2.85	-1.75	0	54
20:56	53.50	52.25	44.00	46.50	38.25	0.00	-0.15	z	0	0	0	0	0	0.00	391331	0	1742424	79004	-4.75	-0.12	-1.88	0	54
20:57	53.50	52.25	44.00	80.75	38.38	0.00	-0.00	z	0	0	0	0	0	0.00	391331	0	1742424	79004	29.50	34.60	-1.88	0	54
20:58	53.50	52.25	43.88	77.25	38.38	0.00	0.00	z	0	0	0	0	0	0.00	391331	0	1742424	79004	26.00	29.79	-1.88	0	53
20:59	53.50	52.25	43.88	52.00	38.25	0.00	0.00	z	0	0	0	0	0	0.00	391331	0	1742424	79004	0.75	-9.69	-1.88	0	54
21:1	53.50	52.25	43.88	55.75	38.25	0.00	-0.02	z	0	0	0	0	0	0.00	391331	0	1742424	118627	4.50	7.54	-1.88	0	55
21:2	53.38	52.25	43.88	60.50	38.25	0.00	0.00	z	0	0	0	0	0	0.00	391331	0	1742424	118627	9.25	-5.54	-2.00	0	53
21:3	53.38	52.25	43.75	62.25	38.25	0.00	0.00	z	0	0	0	0	0	0.00	391331	0	1742424	118627	11.00	-26.53	-2.00	0	53
21:4	53.38	52.25	43.75	82.25	38.25	0.00	0.00	z	0	0	0	0	0	0.00	391331	0	1742424	118627	31.00	29.10	-2.00	0	54
21:5	53.38	52.25	43.75	40.25	38.25	0.00	0.00	z	0	0	0	0	0	0.00	391331	0	1742424	118627	-11.00	-17.07	-2.00	0	55
21:6	53.38	52.25	43.63	83.50	38.25	0.00	0.00	z	0	0	0	0	0	0.00	391331	0	1742424	118627	32.25	11.94	-2.00	0	53
21:7	53.38	52.25	43.63	49.50	38.25	0.00	0.00	z	0	0	0	0	0	0.00	391331	0	1742424	118627	-1.75	-7.43	-2.00	0	53
21:8	53.38	52.25	43.63	62.75	38.13	0.00	0.00	z	0	0	0	0	0	0.00	391331	0	1742424	118627	11.50	-39.19	-2.00	0	54
21:9	53.38	52.25	43.63	53.75	38.13	0.00	-0.00	z	0	0	0	0	0	0.00	391331	0	1742424	118627	2.50	-21.33	-2.00	0	54
21:10	53.38	52.25	43.50	83.00	38.13	0.00	-0.00	z	0	0	0	0	0	0.00	391331	0	1742424	118627	31.75	-5.53	-2.00	0	52
21:11	53.38	52.25	43.50	61.25	38.13	0.00	-0.00	z	0	0	0	0	0	0.00	391331	0	1742424	118627	10.00	-0.77	-2.00	0	54
21:12	53.38	52.25	43.50	36.75	38.13	0.00	0.00	z	0	0	0	0	0	0.00	391331	0	1742424	118627	-14.50	-4.39	-2.00	0	54
21:13	53.38	52.25	43.50	53.50	38.13	0.00	0.00	z	0	0	0	0	0	0.00	391331	0	1742424	118627	2.25	-10.53	-2.00	0	53
21:14	53.38	52.25	43.38	57.00	38.13	0.00	0.00	z	0	0	0	0	0	0.00	391331	0	1742424	118627	5.75	-17.52	-2.00	0	53
21:15	53.38	52.25	43.38	49.50	38.00	0.00	0.00	z	0	0	0	0	0	0.00	391331	0	1742424	118627	-1.75	-0.77	-2.00	0	55
21:16	53.38	52.25	43.38	30.75	38.00	0.00	0.00	z	0	0	0	0	0	0.00	391331	0	1742424	118627	-20.50	-56.49	-2.00	0	54
21:17	53.38	52.25	43.25	90.25	38.00	0.00	0.00	z	0	0	0	0	0	0.00	391331	0	1742424	118627	39.00	16.75	-2.00	0	55
21:18	53.38	52.25	43.25	58.75	38.00	0.00	0.00	z	0	0	0	0	0	0.00	391331	0	1742424	118627	7.50	14.22	-2.00	0	53
21:19	53.38	52.25	43.25	63.00	38.00	0.00	0.00	z	0	0	0	0	0	0.00	391331	0	1742424	118627	11.75	7.04	-2.00	0	52
21:20	53.38	52.25	43.25	79.00	38.00	0.00	0.00	z	0	0	0	0	0	0.00	391331	0	1742424	118627	27.75	32.58	-2.00	0	55
21:21	53.38	52.13	43.13	28.00	38.00	0.00	0.00	z	0	0	0	0	0	0.00	391331	0	1742424	118627	-23.25	-20.68	-2.00	0	56
21:22	53.38	52.25	43.13	80.25	37.88	0.00	-0.00	z	0	0	0	0	0	0.00	391331	0	1742424	118627	29.00	21.36	-2.00	0	54
21:23	53.38	52.13	43.13	54.25	37.88	0.00	-0.00	z	0	0	0	0	0	0.00	391331	0	1742424	118627	3.00	-17.76	-2.00	0	53
21:24	53.38	52.13	43.13	65.00	37.88	0.00	-0.00	z	0	0	0	0	0	0.00	391331	0	1742424	118627	13.75	28.20	-2.00	0	54
21:25	53.38	52.13	43.00	75.25	37.88	0.00	0.00	z	0	0	0	0	0	0.00	391331	0	1742424	118627	24.00	-14.95	-2.00	0	55
21:26	53.38	52.13	43.00	55.25	37.88	0.00	0.00	z	0	0	0	0	0	0.00	391331	0	1742424	118627	4.00	-18.84	-2.00	0	56
21:27	53.38	52.13	43.00	55.00	37.88	0.00	0.00	z	0	0	0	0	0	0.00	391331	0	1742424	118627	3.75	-31.71	-2.00	0	53
21:28	53.38	52.13	43.00	67.00	37.75	0.00	0.00	z	0	0	0	0	0	0.00	391331	0	1742424	118627	15.75	13.77	-2.00	0	55
21:29	53.38	52.13	42.88	53.75	37.75	0.00	-0.00	z	0	0	0	0	0	0.00	391331	0	1742424	118627	2.50	2.54	-2.00	0	53
21:30	53.38	52.13	42.88	60.25	37.75	0.00	0.00	z	0	0	0	0	0	0.00	391331	0	1742424	118627	9.00	9.18	-2.00	0	54
21:31	53.38	52.13	42.88	53.75	37.75	0.00	0.00	z	0	0	0	0	0	0.00	391331	0	1742424	118627	2.50	-24.43	-2.00	0	54
21:32	53.38	52.13	42.75	89.00	37.75	0.00	0.00	z	0	0	0	0	0	0.00	391331	0	1742424	118627	37.75	33.62	-2.00	0	54
21:33	53.38	52.13	42.75	49.00	37.63	0.00	0.00	z	0	0	0	0	0	0.00	391331	0	1742424	118627	-2.25	-3.70	-2.00	0	55
21:34	53.38	52.13	42.75	83.00	37.63	0.00	0.00	z	0	0	0	0	0	0.00	391331	0	1742424	118627	31.75	12.28	-2.00	0	56
21:35	53.38	52.13	42.75	73.00	37.63	0.00	0.00	z	0	0	0	0	0	0.00	391331	0	1742424	118627	21.75	19.56	-2.00	0	56
21:36	53.38	52.13	42.63	44.75	37.63	0.00	0.00	z	0	0	0	0	0	0.00	391331	0	1742424	118627	-6.50	-43.78	-2.00	0	55
21:37	53.38	52.13	42.63	46.50	37.63	0.00	0.00	z	0	0	0	0	0	0.00	391331	0	1742424	118627	-4.75	-7.49	-2.00	0	53
21:38	53.38	52.13	42.63	65.50	37.50	0.00	0.00	z	0	0	0	0	0	0.00	391331	0	1742424	118627	14.25	-15.54	-2.00	0	54
21:39	53.38	52.13	42.63	57.50	37.50	0.00	0.00	z	0	0	0	0	0	0.00	391331	0	1742424	118627	6.25	-13.20	-2.00	0	52
21:40	53.38	52.13	42.50	87.50	37.50	0.00	-0.02	z	0	0	0	0	0	0.00	391331	0	1742424	118627	36.25	6.53	-2.00	0	57
21:41	53.25	52.13	42.50	83.25	37.50	0.00	-0.14	z	0	0	0	0	0	0.00	391331	0	1742424	118627	32.00	62.36	-2.13	0	54
21:42	53.38	52.13	42.50	48.75	37.50	0.00	0.00	z	0	0	0	0	0	0.00	391331	0	1742424	118627	-2.50	2.96	-2.00	0	53
21:43	53.25	52.13	42.50	81.50	37.38	0.00	-0.15	z	0	0	0	0	0	0.00	391331	0	1742424	118627	30.25	-10.52	-2.13	0	55
21:44	53.25	52.13	42.38	76.50	37.38	0.00	0.00	z	0	0	0	0	0	0.00	391331	0	1742424	118627	25.25	41.59	-2.13	0	52
21:45	53.25	52.13	42.38	49.75	37.38	0.00	-0.00	z	0	0	0	0	0	0.00	391331	0	1742424	118627	-1.50	2.74	-2.13	0	55
21:46	53.25	52.13	42.38	30.00	37.38	0.00	-0.00	z	0	0	0	0	0	0.00	391331	0	1742424	118627	-21.25	-5.58	-2.13	0	52
21:47	53.25	52.13	42.38	56.00	37.38	0.00	-0.00	z	0	0	0	0	0	0.00	391331	0	1742424	118627	4.75	16.53	-2.13	0	55
21:48	53.25	52.13	42.25	35.25	37.25	0.00	0.00	z	0	0	0	0	0	0.00	391331	0	1742424	118627	-16.00	-15.34	-2.13	0	53
21:49	53.25	52.00	42.25	64.50	37.25	0.00	0.00	z	0	0	0	0	0	0.00	391331	0	1742424	118627	13.25	-11.46	-2.13	0	57
21:50	53.25	52.13	42.25	47.25	37.25	0.00	0.00	z	0	0	0	0	0	0.00	391331	0	1742424	118627	-4.00	-17.48	-2.13	0	54
21:51	53.25	52.13	42.25	50.25	37.25	0.00	0.00	z	0	0	0	0	0	0.00	391331	0	1742424	118627	-1.00	-11.18	-2.13	0	56
21:52	53.25	52.00	42.13	68.25	37.25	0.00	0.00	z	0	0	0	0	0	0.00	391331	0	1742424	118627	17.00	25.17	-2.13	0	55
21:53	53.25	52.00	42.13	75.25	37.13	0.00	0.15	z	0	0	0	0	0	0.00	391331	0	1742424	118627	24.00	-19.01	-2.13	0	53
21:54	53.13	52.00	42.13	67.50	37.13	0.00	0.02	z	0	0	0	0	0	0.00	391331	0	1742424	118627	16.25	24.46	-2.25	0	55
21:55	53.13	52.00	42.00	78.25	37.13	0.00	0.00	z	0	0	0	0	0	0.00	391331	0	1742424	118627	27.00	16.90	-2.25	0	54
21:56	53.13	52.00	42.00	63.25	37.13	0.00	-0.00	z	0	0	0	0	0	0.00	391331	0	1742424	118627	12.00	6.89	-2.25	0	54
21:57	53.13	52.00	42.00	44.25	37.00	0.00	0.00	z	0	0	0	0	0	0.00	391331	0	1742424	118627	-7.00	-29.30	-2.25	0	54
21:58	53.13	52.00	42.00	80.75	37.00	0.00	0.00	z	0	0	0	0	0	0.00	391331	0	1742424	118627	29.50	39.82	-2.25	0	55
21:59	53.13	52.00	41.88	47.25	37.00	0.00	0.00	z	0	0	0	0	0	0.00	391331	0	1742424	118627	-4.00	-46.65	-2.25	0	55
22:0	53.13	52.00	41.88	42.75	37.00	0.00	-0.00	z	0	0	0	0	0	0.00	391331	0	1742424	118627	-8.50	-8.27	-2.25	0	53
22:1	53.13	52.00	41.88	61.25	37.00	0.00	-0.00	z	0	0	0	0	0	0.00	391331	0	1742424	118627	10.00	25.83	-2.25	0	55
22:2	53.00	52.00	41.88	74.50	36.88	0.00	-0.14	z	0	0	0	0	0	0.00	391331	0	1742424	118627	23.25	38.58	-2.38	0	55
22:3	53.00	52.00	41.75	48.00	36.88	0.00	-0.14	z	0	0	0	0	0	0.00	391331	0	1742424	118627	-3.25	-37.29	-2.38	0	55
22:4	53.00	52.00	41.75	67.75	36.88	0.00	0.00	z	0	0	0	0	0	0.00	391331	0	1742424	118627	16.50	6.88	-2.38	0	53
22:5	53.00	52.00	41.75	71.50	36.88	0.00	0.00	z	0	0	0	0	0	0.00	391331	0	1742424	118627	20.25	16.98	-2.38	0	54
22:6	53.00	52.00	41.75	52.75	36.88	0.00	0.00	z	0	0	0	0	0	0.00	391331	0	1742424	118627	1.50	3.27	-2.38	0	52
22:7	53.00	52.00	41.63	85.75	36.75	0.00	-0.00	z	0	0	0	0	0	0.00	391331	0	1742424	118627	34.50	39.10	-2.38	0	53
22:8	53.00	52.00	41.63	89.50	36.75	0.00	0.00	z	0	0	0	0	0	0.00	391331	0	1742424	118627	38.25	40.15	-2.38	0	53
22:9	53.00	52.00	41.63	64.00	36.75	0.00	0.00	z	0	0	0	0	0	0.00	391331	0	1742424	118627	12.75	-7.98	-2.38	0	54
22:10	53.00	52.00	41.63	69.25	36.75	0.00	0.00	z	0	0	0	0	0	0.00	391331	0	1742424	118627	18.00	-11.27	-2.38	0	55
22:11	53.00	52.00	41.50	51.00	36.75	0.00	0.00	z	0	0	0	0	0	0.00	391331	0	1742424	118627	-0.25	-36.35	-2.38	0	53
22:12	53.00	52.00	41.50	57.00	36.75	0.00	0.00	z	0	0	0	0	0	0.00	391331	0	1742424	118627	5.75	11.71	-2.38	0	55
22:13	53.00	52.00	41.50	52.00	36.63	0.00	0.00	z	0	0	0	0	0	0.00	391331	0	1742424	118627	0.75	-34.53	-2.38	0	54
22:14	53.00	52.00	41.50	80.50	36.63	0.00	-0.00	z	0	0	0	0	0	0.00	391331	0	1742424	118627	29.25	19.46	-2.38	0	55
22:15	53.00	52.00	41.38	66.50	36.63	0.00	-0.02	z	0	0	0	0	0	0.00	391331	0	1742424	118627	15.25	4.93	-2.38	0	52
22:16	52.88	52.00	41.38	76.25	36.63	0.00	0.00	z	0	0	0	0	0	0.00	391331	0	1742424	118627	25.00	-12.28	-2.50	0	52
22:17	52.88	52.00	41.38	55.00	36.50	0.00	-0.00	z	0	0	0	0	0	0.00	391331	0	1742424	118627	3.75	7.52	-2.50	0	54
22:18	52.88	52.00	41.38	78.25	36.50	0.00	-0.00	z	0	0	0	0	0	0.00	391331	0	1742424	118627	27.00	-9.29	-2.50	0	54
22:19	52.88	52.00	41.25	75.50	36.50	0.00	0.00	z	0	0	0	0	0	0.00	391331	0	1742424	118627	24.25	24.64	-2.50	0	53
22:20	52.88	52.00	41.25	48.00	36.50	0.00	-0.00	z	0	0	0	0	0	0.00	391331	0	1742424	118627	-3.25	-39.14	-2.50	0	53
22:21	52.88	52.00	41.25	55.25	36.50	0.00	0.00	z	0	0	0	0	0	0.00	391331	0	1742424	118627	4.00	16.79	-2.50	0	56
22:22	52.88	51.88	41.25	53.00	36.50	0.00	0.00	z	0	0	0	0	0	0.00	391331	0	1742424	118627	1.75	-17.15	-2.50	0	53
22:23	52.88	51.88	41.13	79.50	36.38	0.00	0.00	z	0	0	0	0	0	0.00	391331	0	1742424	118627	28.25	-3.44	-2.50	0	53
22:24	52.88	51.88	41.13	50.00	36.38	0.00	-0.00	z	0	0	0	0	0	0.00	391331	0	1742424	118627	-1.25	9.24	-2.50	0	55
22:25	52.75	51.88	41.13	74.00	36.38	0.00	0.00	z	0	0	0	0	0	0.00	391331	0	1742424	118627	22.75	-11.71	-2.63	0	52
22:26	52.75	52.00	41.00	63.50	36.38	0.00	0.00	z	0	0	0	0	0	0.00	391331	0	1742424	118627	12.25	9.68	-2.63	0	52
22:27	52.75	51.88	41.00	78.50	36.38	0.00	0.00	z	0	0	0	0	0	0.00	391331	0	1742424	118627	27.25	22.44	-2.63	0	53
22:29	52.75	51.88	41.00	51.75	36.38	0.00	0.00	z	0	0	0	0	0	0.00	391331	0	1742424	118627	0.50	-25.32	-2.63	0	52
22:30	52.75	51.88	41.00	49.25	36.38	0.00	-0.00	z	0	0	0	0	0	0.00	391331	0	1742424	118627	-2.00	-40.02	-2.63	0	56
22:31	52.75	51.88	41.00	68.25	36.25	0.00	0.00	z	0	0	0	0	0	0.00	391331	0	1742424	118627	17.00	11.81	-2.63	0	55
22:32	52.75	51.88	40.88	52.75	36.25	0.00	0.00	z	0	0	0	0	0	0.00	391331	0	1742424	118627	1.50	-29.16	-2.63	0	56
22:33	52.75	51.88	40.88	79.00	36.25	0.00	-0.02	z	0	0	0	0	0	0.00	391331	0	1742424	118627	27.75	-7.67	-2.63	0	54
22:34	52.63	51.88	40.88	52.50	36.25	0.00	-0.16	z	0	0	0	0	0	0.00	391331	0	1742424	118627	1.25	6.46	-2.75	0	52
22:35	52.63	51.88	40.88	50.00	36.25	0.00	-0.00	z	0	0	0	0	0	0.00	391331	0	1742424	118627	-1.25	-45.15	-2.75	0	54
22:36	52.63	51.88	40.75	84.25	36.13	0.00	0.00	z	0	0	0	0	0	0.00	391331	0	1742424	118627	33.00	-3.59	-2.75	0	52
22:37	52.63	51.88	40.75	79.75	36.13	0.00	0.00	z	0	0	0	0	0	0.00	391331	0	1742424	118627	28.50	25.43	-2.75	0	51
22:38	52.63	51.88	40.75	71.00	36.13	0.00	0.00	z	0	0	0	0	0	0.00	391331	0	1742424	118627	19.75	12.63	-2.75	0	54
22:39	52.63	51.88	40.75	53.00	36.13	0.00	-0.00	z	0	0	0	0	0	0.00	391331	0	1742424	118627	1.75	-37.94	-2.75	0	52
22:40	52.63	51.88	40.63	86.50	36.13	0.00	0.00	z	0	0	0	0	0	0.00	391331	0	1742424	118627	35.25	17.93	-2.75	0	55
22:41	52.63	51.88	40.63	84.50	36.13	0.00	-0.00	z	0	0	0	0	0	0.00	391331	0	1742424	118627	33.25	34.65	-2.75	0	52
22:42	52.63	51.88	40.63	70.25	36.13	0.00	0.00	z	0	0	0	0	0	0.00	391331	0	1742424	118627	19.00	20.21	-2.75	0	54
22:43	52.50	51.88	40.63	70.50	36.00	0.00	0.02	z	0	0	0	0	0	0.00	391331	0	1742424	118627	19.25	-3.80	-2.88	0	52
22:44	52.50	51.88	40.50	78.75	36.00	0.00	0.00	z	0	0	0	0	0	0.00	391331	0	1742424	118627	27.50	12.95	-2.88	0	54
22:45	52.50	51.88	40.50	70.25	36.00	0.00	-0.00	z	0	0	0	0	0	0.00	391331	0	1742424	118627	19.00	17.04	-2.88	0	56
22:46	52.50	51.88	40.50	55.50	36.00	0.00	-0.00	z	0	0	0	0	0	0.00	391331	0	1742424	118627	4.25	-10.79	-2.88	0	54
22:47	52.50	51.88	40.50	60.00	36.00	0.00	0.00	z	0	0	0	0	0	0.00	391331	0	1742424	118627	8.75	-22.12	-2.88	0	56
22:48	52.50	51.88	40.38	55.75	36.00	0.00	-0.00	z	0	0	0	0	0	0.00	391331	0	1742424	118627	4.50	11.89	-2.88	0	56
22:49	52.50	51.88	40.38	56.75	36.00	0.00	-0.00	z	0	0	0	0	0	0.00	391331	0	1742424	118627	5.50	8.14	-2.88	0	56
22:50	52.50	51.88	40.38	88.00	35.88	0.00	0.00	z	0	0	0	0	0	0.00	391331	0	1742424	118627	36.75	34.82	-2.88	0	53
22:51	52.50	51.88	40.38	85.75	35.88	0.00	0.00	z	0	0	0	0	0	0.00	391331	0	1742424	118627	34.50	28.37	-2.88	0	55
22:52	52.38	51.88	40.38	47.50	35.88	0.00	-0.14	z	0	0	0	0	0	0.00	391331	0	1742424	118627	-3.75	-4.10	-3.00	0	53
22:53	52.38	51.75	40.25	43.25	35.88	0.00	-0.16	z	0	0	0	0	0	0.00	391331	0	1742424	118627	-8.00	-49.28	-3.00	0	55
22:54	52.38	51.75	40.25	60.50	35.88	0.00	0.00	z	0	0	0	0	0	0.00	391331	0	1742424	118627	9.25	-33.26	-3.00	0	54
22:55	52.38	51.75	40.25	46.75	35.75	0.00	0.00	z	0	0	0	0	0	0.00	391331	0	1742424	118627	-4.50	-12.52	-3.00	0	51
22:56	52.38	51.75	40.25	88.75	35.75	0.00	0.00	z	0	0	0	0	0	0.00	391331	0	1742424	118627	37.50	38.02	-3.00	0	53
22:57	52.38	51.75	40.13	40.25	35.75	0.00	0.00	z	0	0	0	0	0	0.00	391331	0	1742424	118627	-11.00	-1.97	-3.00	0	50
22:58	52.38	51.75	40.13	65.25	35.75	0.00	-0.00	z	0	0	0	0	0	0.00	391331	0	1742424	118627	14.00	-16.01	-3.00	0	53
22:59	52.38	51.75	40.13	84.25	35.75	0.00	0.00	z	0	0	0	0	0	0.00	391331	0	1742424	118627	33.00	40.45	-3.00	0	52
23:0	52.25	51.75	40.13	50.00	35.63	0.00	-0.16	z	0	0	0	0	0	0.00	391331	0	1742424	118627	-1.25	-22.89	-3.13	0	54
23:1	52.25	51.75	40.00	47.25	35.63	0.00	0.02	z	0	0	0	0	0	0.00	391331	0	1742424	118627	-4.00	-5.81	-3.13	0	52
23:2	52.25	51.75	40.00	83.00	35.63	0.00	0.00	z	0	0	0	0	0	0.00	391331	0	1742424	118627	31.75	24.61	-3.13	0	51
23:3	52.25	51.75	40.00	45.75	35.63	0.00	0.00	z	0	0	0	0	0	0.00	391331	0	1742424	118627	-5.50	-41.21	-3.13	0	54
23:4	52.25	51.75	40.00	34.00	35.63	0.00	0.00	z	0	0	0	0	0	0.00	391331	0	1742424	118627	-17.25	15.53	-3.13	0	54
23:5	52.25	51.75	40.00	94.00	35.50	0.00	0.00	z	0	0	0	0	0	0.00	391331	0	1742424	118627	42.75	49.62	-3.13	0	55
23:6	52.25	51.75	39.88	48.00	35.50	0.00	0.00	z	0	0	0	0	0	0.00	391331	0	1742424	118627	-3.25	-2.23	-3.13	0	54
23:7	52.25	51.75	39.88	49.00	35.50	0.00	0.00	z	0	0	0	0	0	0.00	391331	0	1742424	118627	-2.25	-3.47	-3.13	0	52
23:8	52.25	51.75	39.88	53.00	35.50	0.00	-0.00	z	0	0	0	0	0	0.00	391331	0	1742424	118627	1.75	-40.46	-3.13	0	52
23:9	52.13	51.75	39.88	85.00	35.50	0.00	-0.14	z	0	0	0	0	0	0.00	391331	0	1742424	118627	33.75	9.23	-3.25	0	53
23:10	52.13	51.75	39.75	66.50	35.38	0.00	0.00	z	0	0	0	0	0	0.00	391331	0	1742424	118627	15.25	-22.38	-3.25	0	52
23:11	52.13	51.75	39.75	85.00	35.38	0.00	0.00	z	0	0	0	0	0	0.00	391331	0	1742424	118627	33.75	-0.78	-3.25	0	51
23:12	52.13	51.75	39.75	75.50	35.38	0.00	0.00	z	0	0	0	0	0	0.00	391331	0	1742424	118627	24.25	8.90	-3.25	0	52
23:13	52.13	51.75	39.75	53.50	35.38	0.00	0.00	z	0	0	0	0	0	0.00	391331	0	1742424	118627	2.25	1.26	-3.25	0	54
23:14	52.13	51.75	39.75	48.75	35.25	0.00	0.00	z	0	0	0	0	0	0.00	391331	0	1742424	118627	-2.50	-47.60	-3.25	0	53
23:15	52.13	51.75	39.63	60.50	35.25	0.00	0.00	z	0	0	0	0	0	0.00	391331	0	1742424	118627	9.25	-18.16	-3.25	0	53
23:16	52.00	51.75	39.63	49.00	35.25	0.00	-0.16	z	0	0	0	0	0	0.00	391331	0	1742424	118627	-2.25	-36.81	-3.38	0	53
23:17	52.00	51.75	39.63	70.50	35.25	0.00	0.00	z	0	0	0	0	0	0.00	391331	0	1742424	118627	19.25	-5.17	-3.38	0	51
23:18	52.00	51.75	39.63	50.50	35.25	0.00	0.00	z	0	0	0	0	0	0.00	391331	0	1742424	118627	-0.75	-45.74	-3.38	0	52
23:19	52.00	51.75	39.50	58.00	35.13	0.00	0.00	z	0	0	0	0	0	0.00	391331	0	1742424	118627	6.75	1.73	-3.38	0	52
23:20	52.00	51.75	39.50	73.00	35.13	0.00	0.00	z	0	0	0	0	0	0.00	391331	0	1742424	118627	21.75	18.14	-3.38	0	53
23:21	52.00	51.75	39.50	72.50	35.13	0.00	0.00	z	0	0	0	0	0	0.00	391331	0	1742424	118627	21.25	-10.72	-3.38	0	53
23:22	52.00	51.63	39.50	55.25	35.13	0.00	-0.00	z	0	0	0	0	0	0.00	391331	0	1742424	118627	4.00	-38.56	-3.38	0	51
23:23	52.00	51.75	39.50	91.25	35.00	0.00	0.00	z	0	0	0	0	0	0.00	391331	0	1742424	118627	40.00	21.48	-3.38	0	52
23:24	51.88	51.63	39.38	33.75	35.00	0.00	-0.14	z	0	0	0	0	0	0.00	391331	0	1742424	118627	-17.50	-22.52	-3.50	0	54
23:25	51.88	51.75	39.38	68.50	35.00	0.00	-0.16	z	0	0	0	0	0	0.00	391331	0	1742424	118627	17.25	19.15	-3.50	0	52
23:26	51.88	51.63	39.38	28.00	35.00	0.00	0.00	z	0	0	0	0	0	0.00	391331	0	1742424	118627	-23.25	-11.75	-3.50	0	53
23:27	51.88	51.75	39.38	73.00	34.88	0.00	-0.00	z	0	0	0	0	0	0.00	391331	0	1742424	118627	21.75	22.46	-3.50	0	51
23:28	51.88	51.63	39.38	71.25	34.88	0.00	0.00	z	0	0	0	0	0	0.00	391331	0	1742424	118627	20.00	-0.15	-3.50	0	53
23:29	51.88	51.63	39.25	76.25	34.88	0.00	0.00	z	0	0	0	0	0	0.00	391331	0	1742424	118627	25.00	-10.40	-3.50	0	52
23:30	51.88	51.63	39.25	53.25	34.88	0.00	-0.00	z	0	0	0	0	0	0.00	391331	0	1742424	118627	2.00	-10.09	-3.50	0	51
23:31	51.88	51.63	39.25	38.25	34.75	0.00	0.00	z	0	0	0	0	0	0.00	391331	0	1742424	118627	-13.00	-8.76	-3.50	0	51
23:32	51.75	51.63	39.25	51.50	34.75	0.00	-0.16	z	0	0	0	0	0	0.00	391331	0	1742424	118627	0.25	-46.17	-3.63	0	54
23:33	51.75	51.63	39.13	70.25	34.75	0.00	-0.00	z	0	0	0	0	0	0.00	391331	0	1742424	118627	19.00	25.02	-3.63	0	52
23:34	51.75	51.63	39.13	62.00	34.75	0.00	-0.00	z	0	0	0	0	0	0.00	391331	0	1742424	118627	10.75	13.09	-3.63	0	52
23:35	51.75	51.63	39.13	69.75	34.63	0.00	-0.00	z	0	0	0	0	0	0.00	391331	0	1742424	118627	18.50	-10.17	-3.63	0	55
23:36	51.75	51.63	39.13	71.50	34.63	0.00	0.00	z	0	0	0	0	0	0.00	391331	0	1742424	118627	20.25	7.32	-3.63	0	52
23:37	51.75	51.63	39.13	35.50	34.63	0.00	0.00	z	0	0	0	0	0	0.00	391331	0	1742424	118627	-15.75	8.27	-3.63	0	54
23:38	51.75	51.63	39.00	91.25	34.63	0.00	0.00	z	0	0	0	0	0	0.00	391331	0	1742424	118627	40.00	35.23	-3.63	0	52
23:39	51.63	51.63	39.00	42.00	34.50	0.00	-0.14	z	0	0	0	0	0	0.00	391331	0	1742424	118627	-9.25	-1.17	-3.75	0	51
23:40	51.63	51.63	39.00	51.75	34.50	0.00	-0.00	z	0	0	0	0	0	0.00	391331	0	1742424	118627	0.50	24.37	-3.75	0	52
23:41	51.63	51.63	39.00	61.50	34.50	0.00	-0.16	z	0	0	0	0	0	0.00	391331	0	1742424	118627	10.25	10.50	-3.75	0	52
23:42	51.63	51.63	38.88	54.00	34.50	0.00	0.00	z	0	0	0	0	0	0.00	391331	0	1742424	118627	2.75	-24.13	-3.75	0	51
23:43	51.63	51.63	38.88	45.50	34.38	0.00	-0.00	z	0	0	0	0	0	0.00	391331	0	1742424	118627	-5.75	-36.34	-3.75	0	50
23:44	51.63	51.63	38.88	50.50	34.38	0.00	-0.00	z	0	0	0	0	0	0.00	391331	0	1742424	118627	-0.75	-36.73	-3.75	0	52
23:45	51.63	51.63	38.88	49.75	34.38	0.00	-0.00	z	0	0	0	0	0	0.00	391331	0	1742424	118627	-1.50	5.52	-3.75	0	52
23:46	51.50	51.63	38.88	51.25	34.38	0.00	-0.14	z	0	0	0	0	0	0.00	391331	0	1742424	118627	0.00	-24.17	-3.88	0	52
23:47	51.63	51.63	38.88	59.00	34.25	0.00	-0.02	z	0	0	0	0	0	0.00	391331	0	1742424	118627	7.75	-29.26	-3.75	0	54
23:48	51.50	51.63	38.75	86.50	34.25	0.00	0.00	z	0	0	0	0	0	0.00	391331	0	1742424	118627	35.25	2.54	-3.88	0	52
23:49	51.50	51.63	38.75	52.50	34.25	0.00	0.00	z	0	0	0	0	0	0.00	391331	0	1742424	118627	1.25	-37.30	-3.88	0	54
23:50	51.50	51.63	38.75	67.25	34.25	0.00	0.00	z	0	0	0	0	0	0.00	391331	0	1742424	118627	16.00	-9.05	-3.88	0	54
23:51	51.50	51.63	38.75	89.50	34.13	0.00	0.00	z	0	0	0	0	0	0.00	391331	0	1742424	118627	38.25	39.24	-3.88	0	54
23:52	51.50	51.63	38.63	45.25	34.13	0.00	-0.00	z	0	0	0	0	0	0.00	391331	0	1742424	118627	-6.00	-52.68	-3.88	0	55
23:53	51.50	51.63	38.63	57.00	34.13	0.00	0.00	z	0	0	0	0	0	0.00	391331	0	1742424	118627	5.75	-20.67	-3.88	0	53
23:54	51.50	51.63	38.63	45.25	34.13	0.00	-0.02	z	0	0	0	0	0	0.00	391331	0	1742424	118627	-6.00	-28.22	-3.88	0	54
23:55	51.38	51.63	38.63	60.25	34.00	0.00	0.00	z	0	0	0	0	0	0.00	391331	0	1742424	118627	9.00	12.13	-4.00	0	53
23:56	51.38	51.50	38.63	53.25	34.00	0.00	0.00	z	0	0	0	0	0	0.00	391331	0	1742424	118627	2.00	-23.36	-4.00	0	54
23:58	51.38	51.50	38.50	33.50	34.00	0.00	0.00	z	0	0	0	0	0	0.00	391331	0	1742424	118627	-17.75	-18.87	-4.00	0	52
23:59	51.38	51.50	38.50	71.25	34.00	0.00	0.00	z	0	0	0	0	0	0.00	391331	0	1742424	118627	20.00	-23.69	-4.00	0	52
