0:0	52.25	51.63	40.75	40.25	33.63	0.00	-0.00	z	0	0	0	0	0	0.00	1058285	0	4525479	0	-6.50	-0.15	-2.13	0	207
0:1	52.25	51.63	40.63	39.75	33.63	0.00	0.00	z	0	0	0	0	0	0.00	1058285	0	4525479	0	-7.00	-0.36	-2.13	0	207
0:2	52.25	51.63	40.63	39.25	33.50	0.00	-0.00	z	0	0	0	0	0	0.00	1058285	0	4525479	0	-7.50	-0.14	-2.13	0	207
0:3	52.25	51.63	40.63	40.00	33.50	0.00	0.00	z	0	0	0	0	0	0.00	1058285	0	4525479	0	-6.75	-0.36	-2.13	0	207
0:4	52.25	51.63	40.50	39.50	33.50	0.00	0.00	z	0	0	0	0	0	0.00	1058285	0	4525479	0	-7.25	-0.29	-2.13	0	207
0:5	52.25	51.63	40.50	39.25	33.50	0.00	0.00	z	0	0	0	0	0	0.00	1058285	0	4525479	0	-7.50	-1.22	-2.13	0	207
0:6	52.25	51.63	40.50	39.50	33.38	0.00	0.00	z	0	0	0	0	0	0.00	1058285	0	4525479	0	-7.25	0.88	-2.13	0	207
0:7	52.25	51.63	40.38	39.75	33.38	0.00	0.00	z	0	0	0	0	0	0.00	1058285	0	4525479	0	-7.00	-0.44	-2.13	0	207
0:8	52.13	51.63	40.38	40.25	33.38	0.00	-0.18	z	0	0	0	0	0	0.00	1058285	0	4525479	0	-6.50	-0.15	-2.25	0	207
0:9	52.13	51.63	40.25	40.00	33.25	0.00	-0.00	z	0	0	0	0	0	0.00	1058285	0	4525479	0	-6.75	-0.15	-2.25	0	207
0:10	52.13	51.63	40.25	40.25	33.25	0.00	0.00	z	0	0	0	0	0	0.00	1058285	0	4525479	0	-6.50	0.29	-2.25	0	207
0:11	52.13	51.63	40.25	40.00	33.25	0.00	0.00	z	0	0	0	0	0	0.00	1058285	0	4525479	0	-6.75	0.73	-2.25	0	207
0:12	52.13	51.63	40.13	40.25	33.25	0.00	0.00	z	0	0	0	0	0	0.00	1058285	0	4525479	0	-6.50	0.13	-2.25	0	207
0:13	52.13	51.50	40.13	40.00	33.13	0.00	0.00	z	0	0	0	0	0	0.00	1058285	0	4525479	0	-6.75	0.65	-2.25	0	207
0:14	52.13	51.50	40.00	39.75	33.13	0.00	0.00	z	0	0	0	0	0	0.00	1058285	0	4525479	0	-7.00	-0.37	-2.25	0	207
0:15	52.13	51.50	40.00	40.00	33.13	0.00	0.14	z	0	0	0	0	0	0.00	1058285	0	4525479	0	-6.75	1.09	-2.25	0	207
0:16	52.00	51.50	40.00	40.00	33.13	0.00	-0.18	z	0	0	0	0	0	0.00	1058285	0	4525479	0	-6.75	0.44	-2.38	0	207
0:17	52.00	51.50	39.88	40.25	33.00	0.00	-0.00	z	0	0	0	0	0	0.00	1058285	0	4525479	0	-6.50	0.57	-2.38	0	207
0:18	52.00	51.50	39.88	39.75	33.00	0.00	-0.00	z	0	0	0	0	0	0.00	1058285	0	4525479	0	-7.00	-0.73	-2.38	0	207
0:19	52.00	51.50	39.75	39.50	33.00	0.00	-0.00	z	0	0	0	0	0	0.00	1058285	0	4525479	0	-7.25	0.08	-2.38	0	207
0:20	52.00	51.50	39.75	39.75	32.88	0.00	0.00	z	0	0	0	0	0	0.00	1058285	0	4525479	0	-7.00	0.81	-2.38	0	207
0:21	52.00	51.50	39.75	39.50	32.88	0.00	0.00	z	0	0	0	0	0	0.00	1058285	0	4525479	0	-7.25	-0.65	-2.38	0	207
0:22	52.00	51.50	39.63	39.00	32.88	0.00	0.00	z	0	0	0	0	0	0.00	1058285	0	4525479	0	-7.75	-0.94	-2.38	0	207
0:23	52.00	51.50	39.63	39.50	32.88	0.00	0.00	z	0	0	0	0	0	0.00	1058285	0	4525479	0	-7.25	-0.37	-2.38	0	207
0:24	52.00	51.50	39.50	39.75	32.75	0.00	-0.04	z	0	0	0	0	0	0.00	1058285	0	4525479	0	-7.00	-0.08	-2.38	0	207
0:25	51.88	51.50	39.50	39.75	32.75	0.00	-0.00	z	0	0	0	0	0	0.00	1058285	0	4525479	0	-7.00	-0.00	-2.50	0	207
0:26	51.88	51.50	39.50	40.00	32.75	0.00	0.00	z	0	0	0	0	0	0.00	1058285	0	4525479	0	-6.75	0.20	-2.50	0	207
0:27	51.88	51.50	39.38	39.75	32.75	0.00	-0.00	z	0	0	0	0	0	0.00	1058285	0	4525479	0	-7.00	-0.54	-2.50	0	207
0:28	51.88	51.50	39.38	39.75	32.63	0.00	0.00	z	0	0	0	0	0	0.00	1058285	0	4525479	0	-7.00	0.91	-2.50	0	207
0:29	51.88	51.50	39.38	39.75	32.63	0.00	0.00	z	0	0	0	0	0	0.00	1058285	0	4525479	0	-7.00	-0.29	-2.50	0	207
0:30	51.88	51.50	39.25	39.25	32.63	0.00	-0.00	z	0	0	0	0	0	0.00	1058285	0	4525479	0	-7.50	-0.66	-2.50	0	207
0:31	51.88	51.50	39.25	39.25	32.50	0.00	0.00	z	0	0	0	0	0	0.00	1058285	0	4525479	0	-7.50	-0.58	-2.50	0	207
0:32	51.88	51.50	39.13	39.75	32.50	0.00	0.00	z	0	0	0	0	0	0.00	1058285	0	4525479	0	-7.00	-0.37	-2.50	0	207
0:33	51.75	51.50	39.13	39.50	32.50	0.00	-0.19	z	0	0	0	0	0	0.00	1058285	0	4525479	0	-7.25	0.00	-2.63	0	207
0:34	51.75	51.50	39.13	39.75	32.50	0.00	-0.19	z	0	0	0	0	0	0.00	1058285	0	4525479	0	-7.00	0.00	-2.63	0	207
0:35	51.75	51.50	39.13	40.00	32.50	0.00	0.00	z	0	0	0	0	0	0.00	1058285	0	4525479	0	-6.75	-0.26	-2.63	0	207
0:36	51.75	51.50	39.00	39.25	32.38	0.00	0.00	z	0	0	0	0	0	0.00	1058285	0	4525479	0	-7.50	-0.66	-2.63	0	207
0:37	51.75	51.50	39.00	40.00	32.38	0.00	0.00	z	0	0	0	0	0	0.00	1058285	0	4525479	0	-6.75	0.57	-2.63	0	207
0:38	51.75	51.50	38.88	39.75	32.38	0.00	-0.00	z	0	0	0	0	0	0.00	1058285	0	4525479	0	-7.00	-0.38	-2.63	0	207
0:40	51.75	51.50	38.88	39.50	32.25	0.00	0.00	z	0	0	0	0	0	0.00	1058285	0	4525479	0	-7.25	-0.38	-2.63	0	207
0:41	51.63	51.50	38.88	39.75	32.25	0.00	-0.14	z	0	0	0	0	0	0.00	1058285	0	4525479	0	-7.00	-0.09	-2.75	0	207
0:42	51.63	51.50	38.75	39.25	32.25	0.00	0.00	z	0	0	0	0	0	0.00	1058285	0	4525479	0	-7.50	0.27	-2.75	0	207
0:43	51.63	51.38	38.75	40.00	32.25	0.00	0.00	z	0	0	0	0	0	0.00	1058285	0	4525479	0	-6.75	1.33	-2.75	0	207
0:44	51.63	51.38	38.63	39.75	32.25	0.00	0.00	z	0	0	0	0	0	0.00	1058285	0	4525479	0	-7.00	-0.09	-2.75	0	207
0:45	51.63	51.38	38.63	40.00	32.13	0.00	0.00	z	0	0	0	0	0	0.00	1058285	0	4525479	0	-6.75	-0.10	-2.75	0	207
0:46	51.63	51.50	38.63	39.75	32.13	0.00	0.00	z	0	0	0	0	0	0.00	1058285	0	4525479	0	-7.00	-0.10	-2.75	0	207
0:47	51.63	51.38	38.50	39.25	32.13	0.00	0.00	z	0	0	0	0	0	0.00	1058285	0	4525479	0	-7.50	-0.58	-2.75	0	207
0:48	51.63	51.38	38.50	39.50	32.00	0.00	0.00	z	0	0	0	0	0	0.00	1058285	0	4525479	0	-7.25	-0.10	-2.75	0	207
0:49	51.50	51.38	38.50	40.00	32.00	0.00	-0.14	z	0	0	0	0	0	0.00	1058285	0	4525479	0	-6.75	0.67	-2.88	0	207
0:50	51.50	51.38	38.38	39.75	32.00	0.00	0.00	z	0	0	0	0	0	0.00	1058285	0	4525479	0	-7.00	0.29	-2.88	0	207
0:51	51.50	51.38	38.38	39.25	32.00	0.00	0.00	z	0	0	0	0	0	0.00	1058285	0	4525479	0	-7.50	-0.58	-2.88	0	207
0:52	51.50	51.38	38.38	39.75	31.88	0.00	0.00	z	0	0	0	0	0	0.00	1058285	0	4525479	0	-7.00	0.39	-2.88	0	207
0:53	51.50	51.38	38.25	40.00	31.88	0.00	0.00	z	0	0	0	0	0	0.00	1058285	0	4525479	0	-6.75	0.58	-2.88	0	207
0:54	51.50	51.38	38.25	39.75	31.88	0.00	0.00	z	0	0	0	0	0	0.00	1058285	0	4525479	0	-7.00	1.16	-2.88	0	207
0:55	51.50	51.38	38.25	39.50	31.88	0.00	-0.00	z	0	0	0	0	0	0.00	1058285	0	4525479	0	-7.25	0.48	-2.88	0	207
0:56	51.50	51.38	38.13	39.50	31.75	0.00	-0.05	z	0	0	0	0	0	0.00	1058285	0	4525479	0	-7.25	-0.29	-2.88	0	207
0:57	51.38	51.38	38.13	39.25	31.75	0.00	0.00	z	0	0	0	0	0	0.00	1058285	0	4525479	0	-7.50	0.20	-3.00	0	207
0:58	51.38	51.38	38.13	39.50	31.75	0.00	0.00	z	0	0	0	0	0	0.00	1058285	0	4525479	0	-7.25	-0.49	-3.00	0	207
0:59	51.38	51.38	38.00	39.25	31.75	0.00	0.00	z	0	0	0	0	0	0.00	1058285	0	4525479	0	-7.50	-0.08	-3.00	0	207
1:0	51.38	51.38	38.00	39.50	31.63	0.00	0.00	z	0	0	0	0	0	0.00	1058285	0	4525479	0	-7.25	0.00	-3.00	0	207
1:1	51.38	51.38	38.00	40.00	31.63	0.00	0.00	z	0	0	0	0	0	0.00	1058285	0	4525479	0	-6.75	0.76	-3.00	0	207
1:2	51.38	51.38	37.88	39.50	31.63	0.00	-0.00	z	0	0	0	0	0	0.00	1058285	0	4525479	0	-7.25	0.39	-3.00	0	207
1:3	51.38	51.38	37.88	39.00	31.50	0.00	0.14	z	0	0	0	0	0	0.00	1058285	0	4525479	0	-7.75	-0.47	-3.00	0	207
1:4	51.25	51.38	37.88	39.50	31.50	0.00	0.00	z	0	0	0	0	0	0.00	1058285	0	4525479	0	-7.25	0.39	-3.13	0	207
1:5	51.25	51.38	37.75	38.75	31.50	0.00	0.00	z	0	0	0	0	0	0.00	1058285	0	4525479	0	-8.00	-0.86	-3.13	0	207
1:6	51.25	51.38	37.75	39.25	31.50	0.00	0.00	z	0	0	0	0	0	0.00	1058285	0	4525479	0	-7.50	0.11	-3.13	0	207
1:7	51.25	51.38	37.75	39.50	31.38	0.00	0.00	z	0	0	0	0	0	0.00	1058285	0	4525479	0	-7.25	0.11	-3.13	0	207
1:8	51.25	51.38	37.63	39.50	31.38	0.00	-0.00	z	0	0	0	0	0	0.00	1058285	0	4525479	0	-7.25	0.40	-3.13	0	207
1:9	51.25	51.38	37.63	39.00	31.38	0.00	0.00	z	0	0	0	0	0	0.00	1058285	0	4525479	0	-7.75	-0.69	-3.13	0	207
1:10	51.13	51.38	37.63	39.25	31.38	0.00	-0.14	z	0	0	0	0	0	0.00	1058285	0	4525479	0	-7.50	-0.29	-3.25	0	207
1:11	51.13	51.38	37.50	39.25	31.25	0.00	0.00	z	0	0	0	0	0	0.00	1058285	0	4525479	0	-7.50	0.11	-3.25	0	207
1:12	51.13	51.38	37.50	39.00	31.25	0.00	0.00	z	0	0	0	0	0	0.00	1058285	0	4525479	0	-7.75	-0.40	-3.25	0	207
1:13	51.13	51.25	37.50	39.25	31.25	0.00	0.00	z	0	0	0	0	0	0.00	1058285	0	4525479	0	-7.50	0.92	-3.25	0	207
1:14	51.13	51.25	37.38	39.00	31.25	0.00	0.00	z	0	0	0	0	0	0.00	1058285	0	4525479	0	-7.75	0.24	-3.25	0	207
1:15	51.13	51.25	37.38	39.50	31.13	0.00	-0.00	z	0	0	0	0	0	0.00	1058285	0	4525479	0	-7.25	0.41	-3.25	0	207
1:16	51.13	51.25	37.38	39.75	31.13	0.00	0.00	z	0	0	0	0	0	0.00	1058285	0	4525479	0	-7.00	0.86	-3.25	0	207
1:17	51.00	51.25	37.25	39.50	31.13	0.00	-0.20	z	0	0	0	0	0	0.00	1058285	0	4525479	0	-7.25	0.41	-3.38	0	207
1:18	51.00	51.25	37.25	38.75	31.00	0.00	0.00	z	0	0	0	0	0	0.00	1058285	0	4525479	0	-8.00	-0.58	-3.38	0	207
1:19	51.00	51.25	37.25	39.00	31.00	0.00	0.00	z	0	0	0	0	0	0.00	1058285	0	4525479	0	-7.75	-0.17	-3.38	0	207
1:20	51.00	51.25	37.13	39.00	31.00	0.00	0.00	z	0	0	0	0	0	0.00	1058285	0	4525479	0	-7.75	-1.06	-3.38	0	207
1:21	51.00	51.25	37.13	39.25	31.00	0.00	-0.00	z	0	0	0	0	0	0.00	1058285	0	4525479	0	-7.50	0.12	-3.38	0	207
1:22	51.00	51.25	37.13	39.75	30.88	0.00	0.00	z	0	0	0	0	0	0.00	1058285	0	4525479	0	-7.00	0.33	-3.38	0	207
1:23	51.00	51.25	37.00	39.25	30.88	0.00	0.00	z	0	0	0	0	0	0.00	1058285	0	4525479	0	-7.50	-0.12	-3.38	0	207
1:24	50.88	51.25	37.00	39.25	30.88	0.00	-0.21	z	0	0	0	0	0	0.00	1058285	0	4525479	0	-7.50	-0.12	-3.50	0	207
1:25	50.88	51.25	37.00	39.00	30.75	0.00	0.00	z	0	0	0	0	0	0.00	1058285	0	4525479	0	-7.75	-0.70	-3.50	0	207
1:26	50.88	51.25	37.00	39.50	30.75	0.00	0.00	z	0	0	0	0	0	0.00	1058285	0	4525479	0	-7.25	-0.25	-3.50	0	207
1:27	50.88	51.25	36.88	39.25	30.75	0.00	0.00	z	0	0	0	0	0	0.00	1058285	0	4525479	0	-7.50	0.41	-3.50	0	207
1:28	50.88	51.25	36.88	38.75	30.63	0.00	-0.00	z	0	0	0	0	0	0.00	1058285	0	4525479	0	-8.00	-0.32	-3.50	0	207
1:29	50.88	51.25	36.88	39.00	30.63	0.00	0.00	z	0	0	0	0	0	0.00	1058285	0	4525479	0	-7.75	-0.41	-3.50	0	207
1:30	50.75	51.25	36.75	39.25	30.63	0.00	0.00	z	0	0	0	0	0	0.00	1058285	0	4525479	0	-7.50	0.95	-3.63	0	207
1:31	50.75	51.25	36.75	39.00	30.63	0.00	0.00	z	0	0	0	0	0	0.00	1058285	0	4525479	0	-7.75	0.00	-3.63	0	207
1:32	50.75	51.25	36.75	39.25	30.50	0.00	0.00	z	0	0	0	0	0	0.00	1058285	0	4525479	0	-7.50	0.41	-3.63	0	207
1:33	50.75	51.25	36.63	39.00	30.50	0.00	0.00	z	0	0	0	0	0	0.00	1058285	0	4525479	0	-7.75	-0.41	-3.63	0	207
1:34	50.75	51.25	36.63	39.50	30.50	0.00	0.00	z	0	0	0	0	0	0.00	1058285	0	4525479	0	-7.25	1.12	-3.63	0	207
1:35	50.75	51.25	36.63	38.75	30.50	0.00	0.00	z	0	0	0	0	0	0.00	1058285	0	4525479	0	-8.00	-0.70	-3.63	0	207
1:36	50.63	51.25	36.50	38.75	30.38	0.00	0.00	z	0	0	0	0	0	0.00	1058285	0	4525479	0	-8.00	-0.57	-3.75	0	207
1:37	50.63	51.25	36.50	39.50	30.38	0.00	0.00	z	0	0	0	0	0	0.00	1058285	0	4525479	0	-7.25	0.42	-3.75	0	207
1:38	50.63	51.25	36.50	39.25	30.38	0.00	0.00	z	0	0	0	0	0	0.00	1058285	0	4525479	0	-7.50	0.42	-3.75	0	207
1:39	50.63	51.25	36.50	39.00	30.25	0.00	-0.00	z	0	0	0	0	0	0.00	1058285	0	4525479	0	-7.75	-0.00	-3.75	0	207
1:40	50.63	51.25	36.38	39.25	30.25	0.00	-0.00	z	0	0	0	0	0	0.00	1058285	0	4525479	0	-7.50	-0.14	-3.75	0	207
1:41	50.63	51.25	36.38	39.50	30.25	0.00	0.00	z	0	0	0	0	0	0.00	1058285	0	4525479	0	-7.25	-0.14	-3.75	0	207
1:42	50.50	51.25	36.38	38.50	30.25	0.00	-0.21	z	0	0	0	0	0	0.00	1058285	0	4525479	0	-8.25	-1.00	-3.88	0	207
1:43	50.50	51.13	36.25	38.75	30.13	0.00	-0.00	z	0	0	0	0	0	0.00	1058285	0	4525479	0	-8.00	0.28	-3.88	0	207
1:44	50.50	51.13	36.25	39.50	30.13	0.00	0.00	z	0	0	0	0	0	0.00	1058285	0	4525479	0	-7.25	0.43	-3.88	0	207
1:45	50.50	51.13	36.25	39.25	30.13	0.00	0.00	z	0	0	0	0	0	0.00	1058285	0	4525479	0	-7.50	0.00	-3.88	0	207
1:46	50.50	51.13	36.25	38.25	30.13	0.00	0.00	z	0	0	0	0	0	0.00	1058285	0	4525479	0	-8.50	-0.71	-3.88	0	207
1:47	50.38	51.13	36.13	39.25	30.00	0.00	-0.14	z	0	0	0	0	0	0.00	1058285	0	4525479	0	-7.50	0.00	-4.00	0	207
1:48	50.38	51.13	36.13	39.00	30.00	0.00	-0.22	z	0	0	0	0	0	0.00	1058285	0	4525479	0	-7.75	0.43	-4.00	0	207
1:49	50.38	51.13	36.13	39.00	30.00	0.00	0.00	z	0	0	0	0	0	0.00	1058285	0	4525479	0	-7.75	0.00	-4.00	0	207
1:50	50.38	51.13	36.00	39.50	29.88	0.00	0.00	z	0	0	0	0	0	0.00	1058285	0	4525479	0	-7.25	0.72	-4.00	0	207
1:51	50.38	51.13	36.00	38.75	29.88	0.00	0.00	z	0	0	0	0	0	0.00	1058285	0	4525479	0	-8.00	0.73	-4.00	0	207
1:52	50.38	51.13	36.00	38.50	29.88	0.00	0.00	z	0	0	0	0	0	0.00	1058285	0	4525479	0	-8.25	-1.15	-4.00	0	207
1:53	50.38	51.13	36.00	39.50	29.88	0.00	0.00	z	0	0	0	0	0	0.00	1058285	0	4525479	0	-7.25	1.00	-4.00	0	207
1:54	50.25	51.13	36.00	39.00	29.88	0.00	-0.22	z	0	0	0	0	0	0.00	1058285	0	4525479	0	-7.75	0.15	-4.13	0	207
1:55	50.25	51.13	35.88	39.25	29.75	0.00	0.00	z	0	0	0	0	0	0.00	1058285	0	4525479	0	-7.50	-0.15	-4.13	0	207
1:56	50.25	51.13	35.88	39.00	29.75	0.00	0.00	z	0	0	0	0	0	0.00	1058285	0	4525479	0	-7.75	-0.87	-4.13	0	207
1:57	50.25	51.13	35.75	39.00	29.75	0.00	0.00	z	0	0	0	0	0	0.00	1058285	0	4525479	0	-7.75	-0.28	-4.13	0	207
1:58	50.25	51.13	35.75	39.00	29.63	0.00	0.00	z	0	0	0	0	0	0.00	1058285	0	4525479	0	-7.75	0.00	-4.13	0	207
1:59	50.25	51.13	35.75	38.75	29.63	0.00	0.00	z	0	0	0	0	0	0.00	1058285	0	4525479	0	-8.00	-0.72	-4.13	0	207
2:0	50.13	51.13	35.75	38.50	29.63	0.00	0.00	z	0	0	0	0	0	0.00	1058285	0	4525479	0	-8.25	-0.72	-4.25	0	207
2:1	50.13	51.13	35.63	38.75	29.63	0.00	0.00	z	0	0	0	0	0	0.00	1058285	0	4525479	0	-8.00	-0.15	-4.25	0	207
2:2	50.13	51.13	35.63	39.00	29.50	0.00	-0.00	z	0	0	0	0	0	0.00	1058285	0	4525479	0	-7.75	-0.16	-4.25	0	207
2:3	50.13	51.13	35.63	38.75	29.50	0.00	-0.00	z	0	0	0	0	0	0.00	1058285	0	4525479	0	-8.00	-0.16	-4.25	0	207
2:4	50.13	51.13	35.63	39.00	29.50	0.00	0.00	z	0	0	0	0	0	0.00	1058285	0	4525479	0	-7.75	0.16	-4.25	0	207
2:5	50.00	51.13	35.50	39.00	29.50	0.00	-0.14	z	0	0	0	0	0	0.00	1058285	0	4525479	0	-7.75	-0.31	-4.38	0	207
2:6	50.00	51.00	35.50	38.75	29.38	0.00	0.00	z	0	0	0	0	0	0.00	1058285	0	4525479	0	-8.00	-0.28	-4.38	0	207
2:7	50.00	51.13	35.50	38.75	29.38	0.00	0.00	z	0	0	0	0	0	0.00	1058285	0	4525479	0	-8.00	0.00	-4.38	0	207
2:8	50.00	51.13	35.38	39.25	29.38	0.00	0.00	z	0	0	0	0	0	0.00	1058285	0	4525479	0	-7.50	1.00	-4.38	0	207
2:9	50.00	51.00	35.38	39.00	29.25	0.00	0.00	z	0	0	0	0	0	0.00	1058285	0	4525479	0	-7.75	0.13	-4.38	0	207
2:10	50.00	51.13	35.38	39.00	29.25	0.00	-0.00	z	0	0	0	0	0	0.00	1058285	0	4525479	0	-7.75	-0.28	-4.38	0	207
2:11	50.00	51.13	35.38	38.75	29.25	0.00	0.00	z	0	0	0	0	0	0.00	1058285	0	4525479	0	-8.00	0.00	-4.38	0	207
2:13	49.88	51.00	35.25	39.25	29.25	0.00	-0.22	z	0	0	0	0	0	0.00	1058285	0	4525479	0	-7.50	0.12	-4.50	0	207
2:14	49.88	51.00	35.25	38.25	29.13	0.00	-0.22	z	0	0	0	0	0	0.00	1058285	0	4525479	0	-8.50	-1.29	-4.50	0	207
2:15	49.88	51.00	35.25	38.75	29.13	0.00	0.00	z	0	0	0	0	0	0.00	1058285	0	4525479	0	-8.00	0.00	-4.50	0	207
2:16	49.88	51.00	35.25	38.75	29.13	0.00	0.00	z	0	0	0	0	0	0.00	1058285	0	4525479	0	-8.00	0.16	-4.50	0	207
2:17	49.88	51.00	35.13	38.75	29.00	0.00	0.00	z	0	0	0	0	0	0.00	1058285	0	4525479	0	-8.00	0.32	-4.50	0	207
2:18	49.88	51.00	35.13	39.00	29.00	0.00	0.00	z	0	0	0	0	0	0.00	1058285	0	4525479	0	-7.75	0.44	-4.50	0	207
2:19	49.75	51.00	35.13	38.75	29.00	0.00	-0.22	z	0	0	0	0	0	0.00	1058285	0	4525479	0	-8.00	-0.44	-4.63	0	207
2:20	49.75	51.00	35.13	38.50	29.00	0.00	0.00	z	0	0	0	0	0	0.00	1058285	0	4525479	0	-8.25	-0.89	-4.63	0	207
2:21	49.75	51.00	35.00	38.50	28.88	0.00	0.00	z	0	0	0	0	0	0.00	1058285	0	4525479	0	-8.25	-0.28	-4.63	0	207
2:22	49.75	51.00	35.00	38.75	28.88	0.00	0.00	z	0	0	0	0	0	0.00	1058285	0	4525479	0	-8.00	0.45	-4.63	0	207
2:23	49.75	51.00	35.00	39.00	28.88	0.00	0.00	z	0	0	0	0	0	0.00	1058285	0	4525479	0	-7.75	-0.33	-4.63	0	207
2:24	49.75	51.00	35.00	39.00	28.88	0.00	0.00	z	0	0	0	0	0	0.00	1058285	0	4525479	0	-7.75	0.73	-4.63	0	207
2:25	49.63	51.00	34.88	39.00	28.75	0.00	-0.22	z	0	0	0	0	0	0.00	1058285	0	4525479	0	-7.75	0.50	-4.75	0	207
2:26	49.63	51.00	34.88	38.50	28.75	0.00	-0.00	z	0	0	0	0	0	0.00	1058285	0	4525479	0	-8.25	-0.28	-4.75	0	207
2:27	49.63	51.00	34.88	38.50	28.75	0.00	-0.00	z	0	0	0	0	0	0.00	1058285	0	4525479	0	-8.25	0.34	-4.75	0	207
2:28	49.63	51.00	34.88	38.75	28.75	0.00	0.00	z	0	0	0	0	0	0.00	1058285	0	4525479	0	-8.00	0.00	-4.75	0	207
2:29	49.63	51.00	34.75	38.75	28.63	0.00	0.00	z	0	0	0	0	0	0.00	1058285	0	4525479	0	-8.00	0.45	-4.75	0	207
2:30	49.50	51.00	34.75	39.25	28.63	0.00	-0.22	z	0	0	0	0	0	0.00	1058285	0	4525479	0	-7.50	-0.06	-4.88	0	207
2:31	49.50	51.00	34.75	38.50	28.63	0.00	0.00	z	0	0	0	0	0	0.00	1058285	0	4525479	0	-8.25	0.06	-4.88	0	207
2:32	49.50	51.00	34.63	38.50	28.63	0.00	0.00	z	0	0	0	0	0	0.00	1058285	0	4525479	0	-8.25	-0.45	-4.88	0	207
2:33	49.50	51.00	34.63	38.50	28.50	0.00	0.00	z	0	0	0	0	0	0.00	1058285	0	4525479	0	-8.25	-0.28	-4.88	0	207
2:34	49.50	51.00	34.63	38.00	28.50	0.00	0.00	z	0	0	0	0	0	0.00	1058285	0	4525479	0	-8.75	-0.83	-4.88	0	207
2:35	49.50	51.00	34.63	38.75	28.50	0.00	-0.00	z	0	0	0	0	0	0.00	1058285	0	4525479	0	-8.00	0.00	-4.88	0	207
2:36	49.38	51.00	34.50	39.00	28.50	0.00	-0.14	z	0	0	0	0	0	0.00	1058285	0	4525479	0	-7.75	0.00	-5.00	0	207
2:37	49.38	51.00	34.50	38.75	28.38	0.00	0.00	z	0	0	0	0	0	0.00	1058285	0	4525479	0	-8.00	0.91	-5.00	0	207
2:38	49.38	51.00	34.50	38.75	28.38	0.00	0.00	z	0	0	0	0	0	0.00	1058285	0	4525479	0	-8.00	0.91	-5.00	0	207
2:39	49.38	51.00	34.50	39.00	28.38	0.00	0.00	z	0	0	0	0	0	0.00	1058285	0	4525479	0	-7.75	-0.35	-5.00	0	207
2:40	49.38	51.00	34.50	38.50	28.38	0.00	-0.00	z	0	0	0	0	0	0.00	1058285	0	4525479	0	-8.25	0.18	-5.00	0	207
2:41	49.38	51.00	34.38	38.75	28.38	0.00	0.00	z	0	0	0	0	0	0.00	1058285	0	4525479	0	-8.00	-0.08	-5.00	0	207
2:42	49.38	50.88	34.38	38.75	28.25	0.00	-0.09	z	0	0	0	0	0	0.00	1058285	0	4525479	0	-8.00	-0.36	-5.00	0	207
2:43	49.25	50.88	34.38	38.50	28.25	0.00	0.00	z	0	0	0	0	0	0.00	1058285	0	4525479	0	-8.25	0.00	-5.13	0	207
2:44	49.25	51.00	34.38	38.50	28.25	0.00	0.00	z	0	0	0	0	0	0.00	1058285	0	4525479	0	-8.25	0.46	-5.13	0	207
2:45	49.25	50.88	34.25	38.50	28.25	0.00	0.00	z	0	0	0	0	0	0.00	1058285	0	4525479	0	-8.25	0.00	-5.13	0	207
2:46	49.25	50.88	34.25	39.00	28.13	0.00	0.00	z	0	0	0	0	0	0.00	1058285	0	4525479	0	-7.75	0.28	-5.13	0	207
2:47	49.13	50.88	34.25	39.00	28.13	0.00	-0.14	z	0	0	0	0	0	0.00	1058285	0	4525479	0	-7.75	0.92	-5.25	0	207
2:48	49.13	50.88	34.25	38.50	28.13	0.00	-0.23	z	0	0	0	0	0	0.00	1058285	0	4525479	0	-8.25	-0.65	-5.25	0	207
2:49	49.13	50.88	34.13	38.50	28.13	0.00	-0.00	z	0	0	0	0	0	0.00	1058285	0	4525479	0	-8.25	-1.12	-5.25	0	207
2:50	49.13	50.88	34.13	38.50	28.00	0.00	0.00	z	0	0	0	0	0	0.00	1058285	0	4525479	0	-8.25	0.27	-5.25	0	207
2:51	49.13	50.88	34.13	39.00	28.00	0.00	0.00	z	0	0	0	0	0	0.00	1058285	0	4525479	0	-7.75	1.48	-5.25	0	207
2:52	49.13	50.88	34.13	38.50	28.00	0.00	0.00	z	0	0	0	0	0	0.00	1058285	0	4525479	0	-8.25	0.00	-5.25	0	207
2:53	49.00	50.88	34.13	38.50	28.00	0.00	-0.00	z	0	0	0	0	0	0.00	1058285	0	4525479	0	-8.25	-0.00	-5.38	0	207
2:54	49.00	50.88	34.00	38.75	28.00	0.00	0.00	z	0	0	0	0	0	0.00	1058285	0	4525479	0	-8.00	0.47	-5.38	0	207
2:55	49.00	50.88	34.00	38.50	27.88	0.00	-0.00	z	0	0	0	0	0	0.00	1058285	0	4525479	0	-8.25	-0.66	-5.38	0	207
2:56	49.00	50.88	34.00	38.25	27.88	0.00	-0.00	z	0	0	0	0	0	0.00	1058285	0	4525479	0	-8.50	0.00	-5.38	0	207
2:57	49.00	50.88	34.00	37.75	27.88	0.00	0.00	z	0	0	0	0	0	0.00	1058285	0	4525479	0	-9.00	-0.63	-5.38	0	207
2:58	49.00	50.88	33.88	39.25	27.88	0.00	0.00	z	0	0	0	0	0	0.00	1058285	0	4525479	0	-7.50	0.82	-5.38	0	207
2:59	49.00	50.88	33.88	38.50	27.75	0.00	0.14	z	0	0	0	0	0	0.00	1058285	0	4525479	0	-8.25	1.40	-5.38	0	207
3:0	48.88	50.88	33.88	38.75	27.75	0.00	0.00	z	0	0	0	0	0	0.00	1058285	0	4525479	0	-8.00	0.47	-5.50	0	207
3:1	48.88	50.88	33.88	38.50	27.75	0.00	-0.00	z	0	0	0	0	0	0.00	1058285	0	4525479	0	-8.25	-0.47	-5.50	0	207
3:2	48.88	50.88	33.88	38.50	27.75	0.00	0.00	z	0	0	0	0	0	0.00	1058285	0	4525479	0	-8.25	0.00	-5.50	0	207
3:3	48.88	50.88	33.75	38.50	27.75	0.00	0.00	z	0	0	0	0	0	0.00	1058285	0	4525479	0	-8.25	-0.40	-5.50	0	207
3:4	48.88	50.88	33.75	38.50	27.75	0.00	-0.00	z	0	0	0	0	0	0.00	1058285	0	4525479	0	-8.25	-0.20	-5.50	0	207
3:5	48.75	50.88	33.75	38.25	27.75	0.00	0.00	z	0	0	0	0	0	0.00	1058285	0	4525479	0	-8.50	-0.47	-5.63	0	207
3:6	48.75	50.88	33.75	38.50	27.63	0.00	0.00	z	0	0	0	0	0	0.00	1058285	0	4525479	0	-8.25	0.47	-5.63	0	207
3:7	48.75	50.88	33.63	37.50	27.63	0.00	0.00	z	0	0	0	0	0	0.00	1058285	0	4525479	0	-9.25	-1.28	-5.63	0	207
3:8	48.75	50.88	33.63	38.75	27.63	0.00	0.00	z	0	0	0	0	0	0.00	1058285	0	4525479	0	-8.00	0.06	-5.63	0	207
3:9	48.75	50.75	33.63	38.75	27.63	0.00	-0.00	z	0	0	0	0	0	0.00	1058285	0	4525479	0	-8.00	0.00	-5.63	0	207
3:10	48.75	50.75	33.63	38.50	27.63	0.00	-0.10	z	0	0	0	0	0	0.00	1058285	0	4525479	0	-8.25	1.42	-5.63	0	207
3:11	48.63	50.75	33.50	38.25	27.50	0.00	0.00	z	0	0	0	0	0	0.00	1058285	0	4525479	0	-8.50	-0.89	-5.75	0	207
3:12	48.63	50.75	33.50	38.50	27.50	0.00	0.00	z	0	0	0	0	0	0.00	1058285	0	4525479	0	-8.25	0.74	-5.75	0	207
3:13	48.63	50.75	33.50	37.75	27.50	0.00	0.00	z	0	0	0	0	0	0.00	1058285	0	4525479	0	-9.00	-1.01	-5.75	0	207
3:14	48.63	50.75	33.50	38.50	27.50	0.00	0.00	z	0	0	0	0	0	0.00	1058285	0	4525479	0	-8.25	0.95	-5.75	0	207
3:15	48.63	50.75	33.50	38.25	27.38	0.00	0.00	z	0	0	0	0	0	0.00	1058285	0	4525479	0	-8.50	0.00	-5.75	0	207
3:16	48.50	50.75	33.38	38.00	27.38	0.00	0.00	z	0	0	0	0	0	0.00	1058285	0	4525479	0	-8.75	-0.06	-5.88	0	207
3:17	48.50	50.75	33.38	38.25	27.38	0.00	0.00	z	0	0	0	0	0	0.00	1058285	0	4525479	0	-8.50	-0.00	-5.88	0	207
3:18	48.50	50.75	33.38	37.75	27.38	0.00	0.00	z	0	0	0	0	0	0.00	1058285	0	4525479	0	-9.00	-0.96	-5.88	0	207
3:19	48.50	50.75	33.38	38.25	27.38	0.00	0.00	z	0	0	0	0	0	0.00	1058285	0	4525479	0	-8.50	1.44	-5.88	0	207
3:20	48.50	50.75	33.38	37.75	27.38	0.00	0.00	z	0	0	0	0	0	0.00	1058285	0	4525479	0	-9.00	-0.48	-5.88	0	207
3:21	48.50	50.75	33.38	38.25	27.25	0.00	0.00	z	0	0	0	0	0	0.00	1058285	0	4525479	0	-8.50	0.27	-5.88	0	207
3:22	48.38	50.75	33.25	38.00	27.25	0.00	-0.24	z	0	0	0	0	0	0.00	1058285	0	4525479	0	-8.75	0.00	-6.00	0	207
3:23	48.38	50.75	33.25	38.00	27.25	0.00	0.00	z	0	0	0	0	0	0.00	1058285	0	4525479	0	-8.75	-0.48	-6.00	0	207
3:24	48.38	50.75	33.25	38.00	27.25	0.00	0.00	z	0	0	0	0	0	0.00	1058285	0	4525479	0	-8.75	-0.00	-6.00	0	207
3:25	48.38	50.75	33.13	38.25	27.25	0.00	0.00	z	0	0	0	0	0	0.00	1058285	0	4525479	0	-8.50	0.26	-6.00	0	207
3:26	48.38	50.75	33.13	38.25	27.25	0.00	0.00	z	0	0	0	0	0	0.00	1058285	0	4525479	0	-8.50	-0.71	-6.00	0	207
3:27	48.38	50.75	33.13	38.25	27.13	0.00	0.00	z	0	0	0	0	0	0.00	1058285	0	4525479	0	-8.50	0.00	-6.00	0	207
3:28	48.25	50.75	33.13	38.25	27.13	0.00	0.00	z	0	0	0	0	0	0.00	1058285	0	4525479	0	-8.50	0.49	-6.13	0	207
3:29	48.25	50.75	33.13	38.00	27.13	0.00	-0.00	z	0	0	0	0	0	0.00	1058285	0	4525479	0	-8.75	-0.49	-6.13	0	207
3:30	48.25	50.75	33.00	38.00	27.13	0.00	-0.00	z	0	0	0	0	0	0.00	1058285	0	4525479	0	-8.75	-0.00	-6.13	0	207
3:31	48.25	50.75	33.00	38.25	27.13	0.00	-0.00	z	0	0	0	0	0	0.00	1058285	0	4525479	0	-8.50	0.49	-6.13	0	207
3:32	48.13	50.75	33.00	38.25	27.13	0.00	-0.24	z	0	0	0	0	0	0.00	1058285	0	4525479	0	-8.50	0.49	-6.25	0	207
3:33	48.13	50.75	33.00	38.00	27.00	0.00	-0.25	z	0	0	0	0	0	0.00	1058285	0	4525479	0	-8.75	0.00	-6.25	0	207
3:34	48.13	50.75	33.00	38.00	27.00	0.00	0.00	z	0	0	0	0	0	0.00	1058285	0	4525479	0	-8.75	0.00	-6.25	0	207
3:35	48.13	50.75	32.88	38.25	27.00	0.00	-0.00	z	0	0	0	0	0	0.00	1058285	0	4525479	0	-8.50	1.01	-6.25	0	207
3:36	48.13	50.75	32.88	38.00	27.00	0.00	0.00	z	0	0	0	0	0	0.00	1058285	0	4525479	0	-8.75	0.49	-6.25	0	207
3:37	48.13	50.75	32.88	38.25	27.00	0.00	0.00	z	0	0	0	0	0	0.00	1058285	0	4525479	0	-8.50	-0.00	-6.25	0	207
3:38	48.13	50.63	32.88	37.75	27.00	0.00	-0.00	z	0	0	0	0	0	0.00	1058285	0	4525479	0	-9.00	-0.49	-6.25	0	207
3:39	48.00	50.63	32.88	38.00	27.00	0.00	0.00	z	0	0	0	0	0	0.00	1058285	0	4525479	0	-8.75	0.00	-6.38	0	207
3:40	48.00	50.63	32.75	37.75	26.88	0.00	0.00	z	0	0	0	0	0	0.00	1058285	0	4525479	0	-9.00	-0.49	-6.38	0	207
3:41	48.00	50.63	32.75	37.75	26.88	0.00	-0.00	z	0	0	0	0	0	0.00	1058285	0	4525479	0	-9.00	-0.00	-6.38	0	207
3:42	48.00	50.63	32.75	38.00	26.88	0.00	0.00	z	0	0	0	0	0	0.00	1058285	0	4525479	0	-8.75	0.00	-6.38	0	207
3:43	48.00	50.63	32.75	38.00	26.88	0.00	0.00	z	0	0	0	0	0	0.00	1058285	0	4525479	0	-8.75	0.00	-6.38	0	207
3:44	48.00	50.63	32.75	37.00	26.88	0.00	0.00	z	0	0	0	0	0	0.00	1058285	0	4525479	0	-9.75	-0.52	-6.38	0	207
3:46	47.88	50.63	32.63	37.75	26.88	0.00	0.00	z	0	0	0	0	0	0.00	1058285	0	4525479	0	-9.00	-0.50	-6.50	0	207
3:47	47.88	50.63	32.63	38.25	26.88	0.00	0.00	z	0	0	0	0	0	0.00	1058285	0	4525479	0	-8.50	1.49	-6.50	0	207
3:48	47.88	50.63	32.63	38.50	26.75	0.00	0.00	z	0	0	0	0	0	0.00	1058285	0	4525479	0	-8.25	0.99	-6.50	0	207
3:49	47.88	50.63	32.63	38.00	26.75	0.00	-0.00	z	0	0	0	0	0	0.00	1058285	0	4525479	0	-8.75	0.50	-6.50	0	207
3:50	47.88	50.63	32.63	37.75	26.75	0.00	0.00	z	0	0	0	0	0	0.00	1058285	0	4525479	0	-9.00	-0.50	-6.50	0	207
3:51	47.88	50.63	32.50	38.00	26.75	0.00	0.00	z	0	0	0	0	0	0.00	1058285	0	4525479	0	-8.75	-0.00	-6.50	0	207
3:52	47.75	50.63	32.50	37.75	26.75	0.00	0.00	z	0	0	0	0	0	0.00	1058285	0	4525479	0	-9.00	0.00	-6.63	0	207
3:53	47.75	50.63	32.50	38.00	26.75	0.00	0.00	z	0	0	0	0	0	0.00	1058285	0	4525479	0	-8.75	0.50	-6.63	0	207
3:54	47.75	50.63	32.50	37.75	26.75	0.00	0.00	z	0	0	0	0	0	0.00	1058285	0	4525479	0	-9.00	0.50	-6.63	0	207
3:55	47.75	50.63	32.50	37.25	26.75	0.00	0.00	z	0	0	0	0	0	0.00	1058285	0	4525479	0	-9.50	-1.00	-6.63	0	207
3:56	47.75	50.63	32.38	37.75	26.63	0.00	0.00	z	0	0	0	0	0	0.00	1058285	0	4525479	0	-9.00	0.50	-6.63	0	207
3:57	47.63	50.63	32.38	37.75	26.63	0.00	-0.13	z	0	0	0	0	0	0.00	1058285	0	4525479	0	-9.00	0.00	-6.75	0	207
3:58	47.63	50.63	32.38	37.75	26.63	0.00	0.00	z	0	0	0	0	0	0.00	1058285	0	4525479	0	-9.00	0.00	-6.75	0	207
3:59	47.63	50.63	32.38	37.75	26.63	0.00	0.00	z	0	0	0	0	0	0.00	1058285	0	4525479	0	-9.00	0.00	-6.75	0	207
4:0	47.63	50.63	32.38	38.00	26.63	0.00	0.00	z	0	0	0	0	0	0.00	1058285	0	4525479	0	-8.75	0.25	-6.75	0	207
4:1	47.63	50.63	32.38	37.50	26.63	0.00	0.00	z	0	0	0	0	0	0.00	1058285	0	4525479	0	-9.25	-0.51	-6.75	0	207
4:2	47.63	50.63	32.25	38.00	26.63	0.00	0.00	z	0	0	0	0	0	0.00	1058285	0	4525479	0	-8.75	0.50	-6.75	0	207
4:3	47.50	50.50	32.25	37.75	26.50	0.00	-0.13	z	0	0	0	0	0	0.00	1058285	0	4525479	0	-9.00	-0.26	-6.88	0	207
4:4	47.50	50.63	32.25	37.75	26.50	0.00	0.00	z	0	0	0	0	0	0.00	1058285	0	4525479	0	-9.00	-0.25	-6.88	0	207
4:5	47.50	50.50	32.25	37.75	26.50	0.00	0.00	z	0	0	0	0	0	0.00	1058285	0	4525479	0	-9.00	-0.00	-6.88	0	207
4:6	47.50	50.63	32.25	37.75	26.50	0.00	0.00	z	0	0	0	0	0	0.00	1058285	0	4525479	0	-9.00	-0.00	-6.88	0	207
4:7	47.50	50.50	32.13	37.50	26.50	0.00	-0.00	z	0	0	0	0	0	0.00	1058285	0	4525479	0	-9.25	-0.26	-6.88	0	207
4:8	47.50	50.63	32.13	37.75	26.50	0.00	-0.00	z	0	0	0	0	0	0.00	1058285	0	4525479	0	-9.00	0.24	-6.88	0	207
4:9	47.38	50.50	32.13	37.75	26.50	0.00	-0.13	z	0	0	0	0	0	0.00	1058285	0	4525479	0	-9.00	-0.26	-7.00	0	207
4:10	47.38	50.50	32.13	37.50	26.50	0.00	-0.13	z	0	0	0	0	0	0.00	1058285	0	4525479	0	-9.25	-0.26	-7.00	0	207
4:11	47.38	50.50	32.13	37.25	26.50	0.00	0.00	z	0	0	0	0	0	0.00	1058285	0	4525479	0	-9.50	-0.25	-7.00	0	207
4:12	47.38	50.50	32.00	37.25	26.38	0.00	0.00	z	0	0	0	0	0	0.00	1058285	0	4525479	0	-9.50	0.00	-7.00	0	207
4:13	47.38	50.50	32.00	37.00	26.38	0.00	-0.00	z	0	0	0	0	0	0.00	1058285	0	4525479	0	-9.75	-1.02	-7.00	0	207
4:14	47.25	50.50	32.00	37.75	26.38	0.00	-0.13	z	0	0	0	0	0	0.00	1058285	0	4525479	0	-9.00	0.76	-7.13	0	207
4:15	47.25	50.50	32.00	37.75	26.38	0.00	0.00	z	0	0	0	0	0	0.00	1058285	0	4525479	0	-9.00	-0.01	-7.13	0	207
4:16	47.25	50.50	32.00	37.25	26.38	0.00	0.00	z	0	0	0	0	0	0.00	1058285	0	4525479	0	-9.50	-0.52	-7.13	0	207
4:17	47.25	50.50	32.00	37.50	26.38	0.00	0.00	z	0	0	0	0	0	0.00	1058285	0	4525479	0	-9.25	0.00	-7.13	0	207
4:18	47.25	50.50	31.88	37.75	26.38	0.00	-0.00	z	0	0	0	0	0	0.00	1058285	0	4525479	0	-9.00	0.51	-7.13	0	207
4:19	47.25	50.50	31.88	37.50	26.38	0.00	0.00	z	0	0	0	0	0	0.00	1058285	0	4525479	0	-9.25	-0.26	-7.13	0	207
4:20	47.13	50.50	31.88	37.50	26.38	0.00	-0.13	z	0	0	0	0	0	0.00	1058285	0	4525479	0	-9.25	-0.00	-7.25	0	207
4:21	47.13	50.50	31.88	37.75	26.25	0.00	0.00	z	0	0	0	0	0	0.00	1058285	0	4525479	0	-9.00	0.26	-7.25	0	207
4:22	47.13	50.50	31.88	37.25	26.25	0.00	0.00	z	0	0	0	0	0	0.00	1058285	0	4525479	0	-9.50	-0.00	-7.25	0	207
4:23	47.13	50.50	31.88	37.25	26.25	0.00	-0.00	z	0	0	0	0	0	0.00	1058285	0	4525479	0	-9.50	0.00	-7.25	0	207
4:24	47.13	50.50	31.75	37.25	26.25	0.00	0.00	z	0	0	0	0	0	0.00	1058285	0	4525479	0	-9.50	-0.01	-7.25	0	207
4:25	47.00	50.50	31.75	37.50	26.25	0.00	-0.13	z	0	0	0	0	0	0.00	1058285	0	4525479	0	-9.25	0.26	-7.38	0	207
4:26	47.00	50.50	31.75	37.25	26.25	0.00	-0.13	z	0	0	0	0	0	0.00	1058285	0	4525479	0	-9.50	0.01	-7.38	0	207
4:27	47.00	50.50	31.75	37.50	26.25	0.00	0.00	z	0	0	0	0	0	0.00	1058285	0	4525479	0	-9.25	-0.01	-7.38	0	207
4:28	47.00	50.50	31.75	37.25	26.25	0.00	0.00	z	0	0	0	0	0	0.00	1058285	0	4525479	0	-9.50	-0.27	-7.38	0	207
4:29	47.00	50.50	31.63	37.25	26.13	0.00	0.00	z	0	0	0	0	0	0.00	1058285	0	4525479	0	-9.50	0.01	-7.38	0	207
4:30	47.00	50.50	31.63	37.00	26.25	0.00	0.00	z	0	0	0	0	0	0.00	1058285	0	4525479	0	-9.75	-0.26	-7.38	0	207
4:31	47.00	50.50	31.63	37.50	26.13	0.00	-0.00	z	0	0	0	0	0	0.00	1058285	0	4525479	0	-9.25	0.26	-7.38	0	207
4:32	46.88	50.50	31.63	37.00	26.13	0.00	-0.13	z	0	0	0	0	0	0.00	1058285	0	4525479	0	-9.75	-0.25	-7.50	0	207
4:33	46.88	50.50	31.63	37.50	26.13	0.00	0.00	z	0	0	0	0	0	0.00	1058285	0	4525479	0	-9.25	0.53	-7.50	0	207
4:34	46.88	50.50	31.63	37.25	26.13	0.00	0.00	z	0	0	0	0	0	0.00	1058285	0	4525479	0	-9.50	-0.26	-7.50	0	207
4:35	46.88	50.50	31.63	37.50	26.13	0.00	-0.00	z	0	0	0	0	0	0.00	1058285	0	4525479	0	-9.25	-0.01	-7.50	0	207
4:36	46.88	50.38	31.50	37.50	26.13	0.00	0.00	z	0	0	0	0	0	0.00	1058285	0	4525479	0	-9.25	0.51	-7.50	0	207
4:37	46.88	50.50	31.50	37.25	26.13	0.00	-0.00	z	0	0	0	0	0	0.00	1058285	0	4525479	0	-9.50	-0.26	-7.50	0	207
4:38	46.75	50.38	31.50	37.25	26.13	0.00	-0.13	z	0	0	0	0	0	0.00	1058285	0	4525479	0	-9.50	-0.01	-7.63	0	207
4:39	46.75	50.38	31.50	37.00	26.13	0.00	0.00	z	0	0	0	0	0	0.00	1058285	0	4525479	0	-9.75	-0.53	-7.63	0	207
4:40	46.75	50.38	31.50	37.00	26.13	0.00	0.00	z	0	0	0	0	0	0.00	1058285	0	4525479	0	-9.75	-0.52	-7.63	0	207
4:41	46.75	50.38	31.50	37.75	26.00	0.00	-0.00	z	0	0	0	0	0	0.00	1058285	0	4525479	0	-9.00	0.77	-7.63	0	207
4:42	46.75	50.38	31.38	37.25	26.00	0.00	-0.00	z	0	0	0	0	0	0.00	1058285	0	4525479	0	-9.50	-0.53	-7.63	0	207
4:43	46.63	50.38	31.38	37.50	26.00	0.00	-0.13	z	0	0	0	0	0	0.00	1058285	0	4525479	0	-9.25	0.25	-7.75	0	207
4:44	46.63	50.38	31.38	37.25	26.00	0.00	0.00	z	0	0	0	0	0	0.00	1058285	0	4525479	0	-9.50	0.52	-7.75	0	207
4:45	46.63	50.38	31.38	37.00	26.00	0.00	0.00	z	0	0	0	0	0	0.00	1058285	0	4525479	0	-9.75	-0.28	-7.75	0	207
4:46	46.63	50.38	31.38	36.75	26.00	0.00	-0.00	z	0	0	0	0	0	0.00	1058285	0	4525479	0	-10.00	-0.25	-7.75	0	207
4:47	46.63	50.38	31.38	37.25	26.00	0.00	-0.00	z	0	0	0	0	0	0.00	1058285	0	4525479	0	-9.50	0.55	-7.75	0	207
4:48	46.63	50.38	31.25	36.75	26.00	0.00	-0.00	z	0	0	0	0	0	0.00	1058285	0	4525479	0	-10.00	-0.80	-7.75	0	207
4:49	46.50	50.38	31.25	37.00	26.00	0.00	-0.13	z	0	0	0	0	0	0.00	1058285	0	4525479	0	-9.75	0.02	-7.88	0	207
4:50	46.50	50.38	31.25	37.25	26.00	0.00	0.00	z	0	0	0	0	0	0.00	1058285	0	4525479	0	-9.50	-0.03	-7.88	0	207
4:51	46.50	50.38	31.25	36.75	26.00	0.00	-0.00	z	0	0	0	0	0	0.00	1058285	0	4525479	0	-10.00	-0.54	-7.88	0	207
4:52	46.50	50.38	31.25	36.75	26.00	0.00	0.00	z	0	0	0	0	0	0.00	1058285	0	4525479	0	-10.00	-0.26	-7.88	0	207
4:53	46.50	50.38	31.25	37.25	25.88	0.00	-0.00	z	0	0	0	0	0	0.00	1058285	0	4525479	0	-9.50	0.25	-7.88	0	207
4:54	46.50	50.38	31.13	37.00	25.88	0.00	0.00	z	0	0	0	0	0	0.00	1058285	0	4525479	0	-9.75	0.01	-7.88	0	207
4:55	46.50	50.38	31.13	36.75	25.88	0.00	0.00	z	0	0	0	0	0	0.00	1058285	0	4525479	0	-10.00	-0.25	-7.88	0	207
4:56	46.38	50.38	31.13	37.25	25.88	0.00	-0.13	z	0	0	0	0	0	0.00	1058285	0	4525479	0	-9.50	0.56	-8.00	0	207
4:57	46.38	50.38	31.13	37.00	25.88	0.00	0.00	z	0	0	0	0	0	0.00	1058285	0	4525479	0	-9.75	-0.26	-8.00	0	207
4:58	46.38	50.38	31.13	37.00	25.88	0.00	-0.00	z	0	0	0	0	0	0.00	1058285	0	4525479	0	-9.75	-0.01	-8.00	0	207
4:59	46.38	50.38	31.13	37.25	25.88	0.00	0.00	z	0	0	0	0	0	0.00	1058285	0	4525479	0	-9.50	0.22	-8.00	0	207
5:0	46.38	50.38	31.13	37.00	25.88	0.00	-0.00	z	0	0	0	0	0	0.00	1058285	0	4525479	0	-9.75	-0.29	-8.00	0	207
5:1	46.38	50.38	31.00	37.25	25.88	0.00	0.00	z	0	0	0	0	0	0.00	1058285	0	4525479	0	-9.50	0.00	-8.00	0	207
5:2	46.25	50.38	31.00	37.25	25.88	0.00	-0.14	z	0	0	0	0	0	0.00	1058285	0	4525479	0	-9.50	0.28	-8.13	0	207
5:3	46.25	50.38	31.00	37.25	25.88	0.00	0.00	z	0	0	0	0	0	0.00	1058285	0	4525479	0	-9.50	1.09	-8.13	0	207
5:4	46.25	50.38	31.00	36.50	25.75	0.00	0.00	z	0	0	0	0	0	0.00	1058285	0	4525479	0	-10.25	-0.50	-8.13	0	207
5:5	46.25	50.25	31.00	37.00	25.75	0.00	0.00	z	0	0	0	0	0	0.00	1058285	0	4525479	0	-9.75	0.28	-8.13	0	207
5:6	46.25	50.25	31.00	37.25	25.75	0.00	0.00	z	0	0	0	0	0	0.00	1058285	0	4525479	0	-9.50	0.23	-8.13	0	207
5:7	46.13	50.25	30.88	37.00	25.75	0.00	-0.14	z	0	0	0	0	0	0.00	1058285	0	4525479	0	-9.75	0.02	-8.25	0	207
5:8	46.13	50.25	30.88	36.75	25.75	0.00	-0.00	z	0	0	0	0	0	0.00	1058285	0	4525479	0	-10.00	0.00	-8.25	0	207
5:9	46.13	50.25	30.88	37.25	25.75	0.00	0.00	z	0	0	0	0	0	0.00	1058285	0	4525479	0	-9.50	0.53	-8.25	0	207
5:10	46.13	50.25	30.88	36.75	25.75	0.00	0.00	z	0	0	0	0	0	0.00	1058285	0	4525479	0	-10.00	0.28	-8.25	0	207
5:11	46.13	50.25	30.88	37.25	25.75	0.00	0.00	z	0	0	0	0	0	0.00	1058285	0	4525479	0	-9.50	0.51	-8.25	0	207
5:12	46.13	50.25	30.88	36.75	25.75	0.00	0.00	z	0	0	0	0	0	0.00	1058285	0	4525479	0	-10.00	-0.28	-8.25	0	207
5:13	46.00	50.25	30.88	36.75	25.75	0.00	-0.14	z	0	0	0	0	0	0.00	1058285	0	4525479	0	-10.00	-0.26	-8.38	0	207
5:14	46.00	50.25	30.75	36.75	25.75	0.00	0.00	z	0	0	0	0	0	0.00	1058285	0	4525479	0	-10.00	-0.26	-8.38	0	207
5:15	46.00	50.25	30.75	36.50	25.75	0.00	-0.00	z	0	0	0	0	0	0.00	1058285	0	4525479	0	-10.25	-0.81	-8.38	0	207
5:16	46.00	50.25	30.75	36.50	25.75	0.00	0.00	z	0	0	0	0	0	0.00	1058285	0	4525479	0	-10.25	-0.84	-8.38	0	207
5:17	46.00	50.25	30.75	36.50	25.63	0.00	0.00	z	0	0	0	0	0	0.00	1058285	0	4525479	0	-10.25	-0.56	-8.38	0	207
5:18	46.00	50.25	30.75	36.25	25.63	0.00	0.00	z	0	0	0	0	0	0.00	1058285	0	4525479	0	-10.50	0.26	-8.38	0	207
5:19	45.88	50.25	30.63	36.75	25.63	0.00	-0.13	z	0	0	0	0	0	0.00	1058285	0	4525479	0	-10.00	-0.28	-8.50	0	207
5:21	45.88	50.25	30.75	36.75	25.63	0.00	0.00	z	0	0	0	0	0	0.00	1058285	0	4525479	0	-10.00	-0.00	-8.50	0	207
5:22	45.88	50.25	30.63	36.00	25.63	0.00	0.00	z	0	0	0	0	0	0.00	1058285	0	4525479	0	-10.75	-0.47	-8.50	0	207
5:23	45.88	50.25	30.63	36.50	25.63	0.00	0.00	z	0	0	0	0	0	0.00	1058285	0	4525479	0	-10.25	-0.55	-8.50	0	207
5:24	45.88	50.25	30.63	36.50	25.63	0.00	0.00	z	0	0	0	0	0	0.00	1058285	0	4525479	0	-10.25	0.02	-8.50	0	207
5:25	45.88	50.25	30.63	36.50	25.63	0.00	0.00	z	0	0	0	0	0	0.00	1058285	0	4525479	0	-10.25	-0.80	-8.50	0	207
5:26	45.75	50.13	30.63	37.25	25.63	0.00	-0.13	z	0	0	0	0	0	0.00	1058285	0	4525479	0	-9.50	0.29	-8.63	0	207
5:27	45.75	50.13	30.63	37.00	25.63	0.00	-0.13	z	0	0	0	0	0	0.00	1058285	0	4525479	0	-9.75	-0.02	-8.63	0	207
5:28	45.75	50.13	30.63	37.00	25.63	0.00	0.00	z	0	0	0	0	0	0.00	1058285	0	4525479	0	-9.75	0.29	-8.63	0	207
5:29	45.75	50.13	30.50	37.25	25.63	0.00	0.00	z	0	0	0	0	0	0.00	1058285	0	4525479	0	-9.50	0.55	-8.63	0	207
5:30	45.75	50.13	30.50	36.25	25.63	0.00	0.00	z	0	0	0	0	0	0.00	1058285	0	4525479	0	-10.50	-0.82	-8.63	0	207
5:31	45.75	50.13	30.50	36.50	25.63	0.00	0.00	z	0	0	0	0	0	0.00	1058285	0	4525479	0	-10.25	-0.56	-8.63	0	207
5:32	45.75	50.13	30.50	37.00	25.63	0.00	-0.00	z	0	0	0	0	0	0.00	1058285	0	4525479	0	-9.75	0.87	-8.63	0	207
5:33	45.63	50.13	30.50	36.75	25.63	0.00	-0.15	z	0	0	0	0	0	0.00	1058285	0	4525479	0	-10.00	0.29	-8.75	0	207
5:34	45.63	50.13	30.50	37.00	25.50	0.00	-0.00	z	0	0	0	0	0	0.00	1058285	0	4525479	0	-9.75	0.24	-8.75	0	207
5:35	45.63	50.13	30.50	36.75	25.50	0.00	0.00	z	0	0	0	0	0	0.00	1058285	0	4525479	0	-10.00	0.27	-8.75	0	207
5:36	45.63	50.13	30.38	37.00	25.50	0.00	0.00	z	0	0	0	0	0	0.00	1058285	0	4525479	0	-9.75	0.24	-8.75	0	207
5:37	45.63	50.13	30.38	37.00	25.50	0.00	0.00	z	0	0	0	0	0	0.00	1058285	0	4525479	0	-9.75	-0.03	-8.75	0	207
5:38	45.50	50.13	30.38	36.75	25.50	0.00	-0.13	z	0	0	0	0	0	0.00	1058285	0	4525479	0	-10.00	0.03	-8.88	0	207
5:39	45.50	50.13	30.38	36.75	25.50	0.00	0.00	z	0	0	0	0	0	0.00	1058285	0	4525479	0	-10.00	0.27	-8.88	0	207
5:40	45.50	50.13	30.38	36.75	25.50	0.00	-0.00	z	0	0	0	0	0	0.00	1058285	0	4525479	0	-10.00	0.59	-8.88	0	207
5:41	45.50	50.13	30.38	36.50	25.50	0.00	0.00	z	0	0	0	0	0	0.00	1058285	0	4525479	0	-10.25	-0.59	-8.88	0	207
5:42	45.50	50.13	30.38	36.75	25.50	0.00	0.00	z	0	0	0	0	0	0.00	1058285	0	4525479	0	-10.00	0.30	-8.88	0	207
5:43	45.50	50.13	30.38	36.00	25.50	0.00	0.00	z	0	0	0	0	0	0.00	1058285	0	4525479	0	-10.75	-0.81	-8.88	0	207
5:44	45.50	50.13	30.25	36.00	25.50	0.00	0.00	z	0	0	0	0	0	0.00	1058285	0	4525479	0	-10.75	-0.24	-8.88	0	207
5:45	45.38	50.13	30.25	36.50	25.50	0.00	0.00	z	0	0	0	0	0	0.00	1058285	0	4525479	0	-10.25	-0.62	-9.00	0	207
5:46	45.38	50.13	30.25	36.00	25.50	0.00	0.00	z	0	0	0	0	0	0.00	1058285	0	4525479	0	-10.75	-0.21	-9.00	0	207
5:47	45.38	50.13	30.25	36.50	25.50	0.00	0.00	z	0	0	0	0	0	0.00	1058285	0	4525479	0	-10.25	-0.27	-9.00	0	207
5:48	45.38	50.13	30.25	36.75	25.50	0.00	0.00	z	0	0	0	0	0	0.00	1058285	0	4525479	0	-10.00	1.14	-9.00	0	207
5:49	45.38	50.13	30.25	36.50	25.50	0.00	0.00	z	0	0	0	0	0	0.00	1058285	0	4525479	0	-10.25	0.00	-9.00	0	207
5:50	45.38	50.13	30.25	36.25	25.50	0.00	0.00	z	0	0	0	0	0	0.00	1058285	0	4525479	0	-10.50	-0.64	-9.00	0	207
5:51	45.25	50.00	30.13	36.75	25.50	0.00	-0.15	z	0	0	0	0	0	0.00	1058285	0	4525479	0	-10.00	0.27	-9.13	0	207
5:52	45.25	50.13	30.13	36.25	25.38	0.00	0.00	z	0	0	0	0	0	0.00	1058285	0	4525479	0	-10.50	-0.30	-9.13	0	207
5:53	45.25	50.00	30.13	36.25	25.50	0.00	0.00	z	0	0	0	0	0	0.00	1058285	0	4525479	0	-10.50	0.03	-9.13	0	207
5:54	45.25	50.00	30.13	37.00	25.38	0.00	-0.00	z	0	0	0	0	0	0.00	1058285	0	4525479	0	-9.75	0.58	-9.13	0	207
5:55	45.25	50.00	30.13	36.50	25.38	0.00	0.00	z	0	0	0	0	0	0.00	1058285	0	4525479	0	-10.25	0.64	-9.13	0	207
5:56	45.25	50.00	30.13	36.00	25.38	0.00	-0.00	z	0	0	0	0	0	0.00	1058285	0	4525479	0	-10.75	-0.24	-9.13	0	207
5:57	45.13	50.00	30.13	36.50	25.38	0.00	-0.14	z	0	0	0	0	0	0.00	1058285	0	4525479	0	-10.25	-0.03	-9.25	0	207
5:58	45.13	50.00	30.00	36.50	25.38	0.00	0.00	z	0	0	0	0	0	0.00	1058285	0	4525479	0	-10.25	0.03	-9.25	0	207
5:59	45.13	50.00	30.00	36.25	25.38	0.00	0.00	z	0	0	0	0	0	0.00	1058285	0	4525479	0	-10.50	0.07	-9.25	0	207
6:0	45.13	50.00	30.00	36.25	25.38	0.00	0.00	z	0	0	0	0	0	0.00	1058285	0	4525479	0	-10.50	0.34	-9.25	0	207
6:1	45.13	50.00	30.00	36.00	25.38	0.00	-0.00	z	0	0	0	0	0	0.00	1058285	0	4525479	0	-10.75	-0.48	-9.25	0	207
6:2	45.00	50.00	30.00	36.50	25.38	0.00	-0.15	z	0	0	0	0	0	0.00	1058285	0	4525479	0	-10.25	0.55	-9.38	0	207
6:3	45.00	50.00	30.00	36.00	25.38	0.00	-0.00	z	0	0	0	0	0	0.00	1058285	0	4525479	0	-10.75	-0.20	-9.38	0	207
6:4	45.00	50.00	30.00	36.25	25.38	0.00	0.00	z	0	0	0	0	0	0.00	1058285	0	4525479	0	-10.50	0.04	-9.38	0	207
6:5	45.00	50.00	30.00	36.25	25.38	0.00	0.00	z	0	0	0	0	0	0.00	1058285	0	4525479	0	-10.50	0.31	-9.38	0	207
6:6	45.00	50.00	30.00	36.50	25.38	0.00	0.00	z	0	0	0	0	0	0.00	1058285	0	4525479	0	-10.25	0.27	-9.38	0	207
6:7	45.00	50.00	30.00	36.25	25.38	0.00	-0.00	z	0	0	0	0	0	0.00	1058285	0	4525479	0	-10.50	-0.00	-9.38	0	207
6:8	45.00	50.00	29.88	36.00	25.38	0.00	-0.00	z	0	0	0	0	0	0.00	1058285	0	4525479	0	-10.75	-0.65	-9.38	0	207
6:9	45.00	50.00	29.88	35.75	25.38	0.00	-0.00	z	0	0	0	0	0	0.00	1058285	0	4525479	0	-11.00	-0.27	-9.38	0	207
6:10	44.88	50.00	29.88	36.50	25.38	0.00	0.00	z	0	0	0	0	0	0.00	1058285	0	4525479	0	-10.25	0.00	-9.50	0	207
6:11	44.88	50.00	29.88	36.25	25.38	0.00	0.00	z	0	0	0	0	0	0.00	1058285	0	4525479	0	-10.50	0.00	-9.50	0	207
6:12	44.88	50.00	29.88	36.25	25.38	0.00	0.00	z	0	0	0	0	0	0.00	1058285	0	4525479	0	-10.50	-0.31	-9.50	0	207
6:13	44.88	50.00	29.88	36.25	25.25	0.00	0.00	z	0	0	0	0	0	0.00	1058285	0	4525479	0	-10.50	0.04	-9.50	0	207
6:14	44.88	50.00	29.88	36.25	25.25	0.00	0.00	z	0	0	0	0	0	0.00	1058285	0	4525479	0	-10.50	0.35	-9.50	0	207
6:15	44.88	50.00	29.88	36.50	25.25	0.00	0.00	z	0	0	0	0	0	0.00	1058285	0	4525479	0	-10.25	-0.07	-9.50	0	207
6:16	44.75	49.88	29.75	36.00	25.25	0.00	-0.00	z	0	0	0	0	0	0.00	1058285	0	4525479	0	-10.75	-0.31	-9.63	0	207
6:17	44.75	49.88	29.75	36.50	25.25	0.00	0.00	z	0	0	0	0	0	0.00	1058285	0	4525479	0	-10.25	0.59	-9.63	0	207
6:18	44.75	50.00	29.75	35.50	25.25	0.00	0.00	z	0	0	0	0	0	0.00	1058285	0	4525479	0	-11.25	-1.21	-9.63	0	207
6:19	44.75	49.88	29.75	36.00	25.25	0.00	0.00	z	0	0	0	0	0	0.00	1058285	0	4525479	0	-10.75	-0.55	-9.63	0	207
6:20	44.75	49.88	29.75	36.25	25.25	0.00	0.00	z	0	0	0	0	0	0.00	1058285	0	4525479	0	-10.50	0.28	-9.63	0	207
6:21	44.75	49.88	29.75	35.75	25.25	0.00	0.00	z	0	0	0	0	0	0.00	1058285	0	4525479	0	-11.00	-0.28	-9.63	0	207
6:22	44.63	50.00	29.75	35.75	25.25	0.00	0.02	z	0	0	0	0	0	0.00	1058285	0	4525479	0	-11.00	0.00	-9.75	0	207
6:23	44.63	49.88	29.75	36.25	25.25	0.00	0.00	z	0	0	0	0	0	0.00	1058285	0	4525479	0	-10.50	-0.04	-9.75	0	207
