0:0	37.13	42.25	24.38	28.75	22.38	0.00	0.00	z	0	0	0	0	0	0.00	2940495	7261002	4090521	0	-18.25	0.45	-15.25	0	207
0:1	37.13	42.25	24.38	29.00	22.25	0.00	0.00	z	0	0	0	0	0	0.00	2940495	7261002	4090521	0	-18.00	0.73	-15.25	0	207
0:2	37.13	42.13	24.38	28.75	22.25	0.00	0.00	z	0	0	0	0	0	0.00	2940495	7261002	4090521	0	-18.25	-0.91	-15.25	0	207
0:3	37.13	42.13	24.38	29.00	22.13	0.00	0.00	z	0	0	0	0	0	0.00	2940495	7261002	4090521	0	-18.00	-0.45	-15.25	0	207
0:4	37.13	42.13	24.25	28.75	22.13	0.00	0.00	z	0	0	0	0	0	0.00	2940495	7261002	4090521	0	-18.25	0.45	-15.25	0	207
0:5	37.13	42.13	24.25	28.75	22.00	0.00	0.00	z	0	0	0	0	0	0.00	2940495	7261002	4090521	0	-18.25	0.46	-15.25	0	207
0:6	37.00	42.13	24.25	28.25	22.00	0.00	0.09	z	0	0	0	0	0	0.00	2940495	7261002	4090521	0	-18.75	-0.73	-15.38	0	207
0:7	37.00	42.13	24.25	28.75	21.88	0.00	0.00	z	0	0	0	0	0	0.00	2940495	7261002	4090521	0	-18.25	0.00	-15.38	0	207
0:8	37.00	42.13	24.25	28.75	21.75	0.00	0.00	z	0	0	0	0	0	0.00	2940495	7261002	4090521	0	-18.25	0.18	-15.38	0	207
0:9	37.00	42.13	24.13	28.50	21.75	0.00	0.00	z	0	0	0	0	0	0.00	2940495	7261002	4090521	0	-18.50	-0.46	-15.38	0	207
0:10	37.00	42.13	24.13	28.75	21.63	0.00	-0.00	z	0	0	0	0	0	0.00	2940495	7261002	4090521	0	-18.25	0.46	-15.38	0	207
0:11	37.00	42.00	24.13	28.75	21.63	0.00	0.00	z	0	0	0	0	0	0.00	2940495	7261002	4090521	0	-18.25	-0.28	-15.38	0	207
0:12	37.00	42.00	24.13	28.75	21.50	0.00	0.00	z	0	0	0	0	0	0.00	2940495	7261002	4090521	0	-18.25	0.74	-15.38	0	207
0:13	37.00	42.00	24.13	28.50	21.50	0.00	0.00	z	0	0	0	0	0	0.00	2940495	7261002	4090521	0	-18.50	-0.46	-15.38	0	207
0:14	36.88	42.00	24.00	28.50	21.50	0.00	0.10	z	0	0	0	0	0	0.00	2940495	7261002	4090521	0	-18.50	0.46	-15.50	0	207
0:15	36.88	42.00	24.00	28.50	21.38	0.00	0.00	z	0	0	0	0	0	0.00	2940495	7261002	4090521	0	-18.50	0.66	-15.50	0	207
0:16	36.88	42.00	24.00	28.00	21.38	0.00	0.00	z	0	0	0	0	0	0.00	2940495	7261002	4090521	0	-19.00	-1.94	-15.50	0	207
0:17	36.88	42.00	24.00	28.50	21.25	0.00	0.00	z	0	0	0	0	0	0.00	2940495	7261002	4090521	0	-18.50	-0.86	-15.50	0	207
0:18	36.88	42.00	23.88	29.00	21.25	0.00	0.00	z	0	0	0	0	0	0.00	2940495	7261002	4090521	0	-18.00	1.41	-15.50	0	207
0:19	36.88	42.00	23.88	28.75	21.13	0.00	-0.00	z	0	0	0	0	0	0.00	2940495	7261002	4090521	0	-18.25	0.00	-15.50	0	207
0:20	36.75	41.88	23.88	28.00	21.13	0.00	-0.24	z	0	0	0	0	0	0.00	2940495	7261002	4090521	0	-19.00	-1.21	-15.63	0	207
0:21	36.75	41.88	23.88	28.75	21.00	0.00	0.00	z	0	0	0	0	0	0.00	2940495	7261002	4090521	0	-18.25	-0.21	-15.63	0	207
0:22	36.75	41.88	23.88	28.75	21.00	0.00	-0.00	z	0	0	0	0	0	0.00	2940495	7261002	4090521	0	-18.25	1.43	-15.63	0	207
0:23	36.75	41.88	23.88	28.75	21.00	0.00	0.00	z	0	0	0	0	0	0.00	2940495	7261002	4090521	0	-18.25	-0.00	-15.63	0	207
0:24	36.75	41.88	23.75	28.75	20.88	0.00	0.00	z	0	0	0	0	0	0.00	2940495	7261002	4090521	0	-18.25	0.95	-15.63	0	207
0:25	36.75	41.88	23.75	28.50	20.88	0.00	-0.00	z	0	0	0	0	0	0.00	2940495	7261002	4090521	0	-18.50	-0.48	-15.63	0	207
0:26	36.75	41.88	23.75	28.50	20.75	0.00	0.00	z	0	0	0	0	0	0.00	2940495	7261002	4090521	0	-18.50	0.21	-15.63	0	207
0:27	36.75	41.88	23.75	28.50	20.75	0.00	-0.11	z	0	0	0	0	0	0.00	2940495	7261002	4090521	0	-18.50	0.00	-15.63	0	207
0:28	36.63	41.88	23.63	28.25	20.63	0.00	0.00	z	0	0	0	0	0	0.00	2940495	7261002	4090521	0	-18.75	-0.48	-15.75	0	207
0:29	36.63	41.88	23.63	28.25	20.63	0.00	0.00	z	0	0	0	0	0	0.00	2940495	7261002	4090521	0	-18.75	-0.48	-15.75	0	207
0:30	36.63	41.75	23.63	28.25	20.63	0.00	-0.00	z	0	0	0	0	0	0.00	2940495	7261002	4090521	0	-18.75	-0.27	-15.75	0	207
0:31	36.63	41.75	23.63	28.50	20.50	0.00	0.00	z	0	0	0	0	0	0.00	2940495	7261002	4090521	0	-18.50	-0.48	-15.75	0	207
0:32	36.63	41.75	23.63	28.50	20.50	0.00	0.00	z	0	0	0	0	0	0.00	2940495	7261002	4090521	0	-18.50	0.00	-15.75	0	207
0:33	36.63	41.75	23.63	28.00	20.38	0.00	-0.00	z	0	0	0	0	0	0.00	2940495	7261002	4090521	0	-19.00	-0.00	-15.75	0	207
0:34	36.50	41.75	23.63	28.50	20.38	0.00	-0.13	z	0	0	0	0	0	0.00	2940495	7261002	4090521	0	-18.50	-0.17	-15.88	0	207
0:35	36.50	41.75	23.50	28.50	20.38	0.00	0.00	z	0	0	0	0	0	0.00	2940495	7261002	4090521	0	-18.50	-0.22	-15.88	0	207
0:36	36.50	41.75	23.50	28.50	20.25	0.00	-0.00	z	0	0	0	0	0	0.00	2940495	7261002	4090521	0	-18.50	0.48	-15.88	0	207
0:37	36.50	41.75	23.50	28.50	20.25	0.00	0.00	z	0	0	0	0	0	0.00	2940495	7261002	4090521	0	-18.50	0.48	-15.88	0	207
0:38	36.50	41.75	23.50	28.25	20.13	0.00	0.00	z	0	0	0	0	0	0.00	2940495	7261002	4090521	0	-18.75	-0.48	-15.88	0	207
0:39	36.50	41.75	23.38	28.00	20.13	0.00	-0.00	z	0	0	0	0	0	0.00	2940495	7261002	4090521	0	-19.00	-0.52	-15.88	0	207
0:40	36.50	41.63	23.38	28.50	20.13	0.00	0.00	z	0	0	0	0	0	0.00	2940495	7261002	4090521	0	-18.50	0.49	-15.88	0	207
0:41	36.38	41.63	23.38	27.75	20.13	0.00	-0.13	z	0	0	0	0	0	0.00	2940495	7261002	4090521	0	-19.25	-1.95	-16.00	0	207
0:42	36.38	41.63	23.38	28.00	20.00	0.00	0.00	z	0	0	0	0	0	0.00	2940495	7261002	4090521	0	-19.00	-0.98	-16.00	0	207
0:43	36.38	41.63	23.38	28.00	20.00	0.00	0.00	z	0	0	0	0	0	0.00	2940495	7261002	4090521	0	-19.00	-0.98	-16.00	0	207
0:44	36.38	41.63	23.25	27.75	19.88	0.00	-0.00	z	0	0	0	0	0	0.00	2940495	7261002	4090521	0	-19.25	-0.29	-16.00	0	207
0:45	36.38	41.63	23.25	28.25	19.88	0.00	0.00	z	0	0	0	0	0	0.00	2940495	7261002	4090521	0	-18.75	0.49	-16.00	0	207
0:46	36.38	41.63	23.25	28.25	19.88	0.00	0.00	z	0	0	0	0	0	0.00	2940495	7261002	4090521	0	-18.75	0.00	-16.00	0	207
0:47	36.38	41.63	23.25	28.25	19.75	0.00	0.00	z	0	0	0	0	0	0.00	2940495	7261002	4090521	0	-18.75	0.98	-16.00	0	207
0:48	36.38	41.63	23.25	28.25	19.75	0.00	0.00	z	0	0	0	0	0	0.00	2940495	7261002	4090521	0	-18.75	0.49	-16.00	0	207
0:49	36.25	41.63	23.13	28.00	19.75	0.00	0.00	z	0	0	0	0	0	0.00	2940495	7261002	4090521	0	-19.00	-0.49	-16.13	0	207
0:50	36.25	41.50	23.13	28.25	19.63	0.00	0.00	z	0	0	0	0	0	0.00	2940495	7261002	4090521	0	-18.75	0.49	-16.13	0	207
0:51	36.25	41.50	23.13	28.25	19.63	0.00	-0.00	z	0	0	0	0	0	0.00	2940495	7261002	4090521	0	-18.75	0.49	-16.13	0	207
0:52	36.25	41.50	23.13	28.00	19.50	0.00	0.00	z	0	0	0	0	0	0.00	2940495	7261002	4090521	0	-19.00	0.99	-16.13	0	207
0:53	36.25	41.50	23.13	28.00	19.50	0.00	0.00	z	0	0	0	0	0	0.00	2940495	7261002	4090521	0	-19.00	-0.50	-16.13	0	207
0:54	36.25	41.50	23.13	28.00	19.50	0.00	0.00	z	0	0	0	0	0	0.00	2940495	7261002	4090521	0	-19.00	0.99	-16.13	0	207
0:55	36.13	41.50	23.00	28.25	19.50	0.00	-0.25	z	0	0	0	0	0	0.00	2940495	7261002	4090521	0	-18.75	0.49	-16.25	0	207
0:56	36.13	41.50	23.00	28.00	19.38	0.00	0.00	z	0	0	0	0	0	0.00	2940495	7261002	4090521	0	-19.00	0.00	-16.25	0	207
0:57	36.13	41.50	23.00	27.75	19.38	0.00	0.00	z	0	0	0	0	0	0.00	2940495	7261002	4090521	0	-19.25	-1.00	-16.25	0	207
0:58	36.13	41.50	23.00	28.00	19.38	0.00	0.00	z	0	0	0	0	0	0.00	2940495	7261002	4090521	0	-19.00	0.00	-16.25	0	207
0:59	36.13	41.50	22.88	27.50	19.38	0.00	0.00	z	0	0	0	0	0	0.00	2940495	7261002	4090521	0	-19.50	-0.50	-16.25	0	207
1:0	36.13	41.50	22.88	27.75	19.25	0.00	-0.00	z	0	0	0	0	0	0.00	2940495	7261002	4090521	0	-19.25	-0.50	-16.25	0	207
1:1	36.00	41.38	22.88	28.00	19.25	0.00	-0.25	z	0	0	0	0	0	0.00	2940495	7261002	4090521	0	-19.00	0.00	-16.38	0	207
1:2	36.00	41.38	22.88	28.00	19.13	0.00	0.00	z	0	0	0	0	0	0.00	2940495	7261002	4090521	0	-19.00	0.00	-16.38	0	207
1:3	36.00	41.38	22.88	28.25	19.13	0.00	-0.00	z	0	0	0	0	0	0.00	2940495	7261002	4090521	0	-18.75	0.25	-16.38	0	207
1:4	36.00	41.38	22.75	28.25	19.13	0.00	0.00	z	0	0	0	0	0	0.00	2940495	7261002	4090521	0	-18.75	-0.00	-16.38	0	207
1:5	36.00	41.38	22.75	27.50	19.13	0.00	0.00	z	0	0	0	0	0	0.00	2940495	7261002	4090521	0	-19.50	-0.75	-16.38	0	207
1:6	36.00	41.38	22.75	28.25	19.00	0.00	0.00	z	0	0	0	0	0	0.00	2940495	7261002	4090521	0	-18.75	0.75	-16.38	0	207
1:7	36.00	41.38	22.75	27.50	19.00	0.00	0.00	z	0	0	0	0	0	0.00	2940495	7261002	4090521	0	-19.50	-0.75	-16.38	0	207
1:8	35.88	41.38	22.75	27.75	19.00	0.00	-0.13	z	0	0	0	0	0	0.00	2940495	7261002	4090521	0	-19.25	0.25	-16.50	0	207
1:10	35.88	41.38	22.75	27.75	19.00	0.00	0.00	z	0	0	0	0	0	0.00	2940495	7261002	4090521	0	-19.25	0.00	-16.50	0	207
1:11	35.88	41.38	22.63	28.00	18.88	0.00	0.00	z	0	0	0	0	0	0.00	2940495	7261002	4090521	0	-19.00	0.25	-16.50	0	207
1:12	35.88	41.38	22.63	27.50	18.88	0.00	0.00	z	0	0	0	0	0	0.00	2940495	7261002	4090521	0	-19.50	-0.51	-16.50	0	207
1:13	35.88	41.25	22.63	27.75	18.88	0.00	0.00	z	0	0	0	0	0	0.00	2940495	7261002	4090521	0	-19.25	0.51	-16.50	0	207
1:14	35.88	41.25	22.63	27.25	18.88	0.00	-0.00	z	0	0	0	0	0	0.00	2940495	7261002	4090521	0	-19.75	-0.51	-16.50	0	207
1:15	35.88	41.25	22.63	27.50	18.75	0.00	0.00	z	0	0	0	0	0	0.00	2940495	7261002	4090521	0	-19.50	0.26	-16.50	0	207
1:16	35.88	41.25	22.63	27.50	18.75	0.00	0.13	z	0	0	0	0	0	0.00	2940495	7261002	4090521	0	-19.50	0.00	-16.50	0	207
1:17	35.75	41.25	22.50	27.75	18.75	0.00	0.00	z	0	0	0	0	0	0.00	2940495	7261002	4090521	0	-19.25	0.26	-16.63	0	207
1:18	35.75	41.25	22.50	27.75	18.63	0.00	0.00	z	0	0	0	0	0	0.00	2940495	7261002	4090521	0	-19.25	-0.26	-16.63	0	207
1:19	35.75	41.25	22.50	28.00	18.63	0.00	0.00	z	0	0	0	0	0	0.00	2940495	7261002	4090521	0	-19.00	0.25	-16.63	0	207
1:20	35.75	41.25	22.50	27.50	18.63	0.00	-0.00	z	0	0	0	0	0	0.00	2940495	7261002	4090521	0	-19.50	-0.51	-16.63	0	207
1:21	35.75	41.25	22.50	27.75	18.63	0.00	0.00	z	0	0	0	0	0	0.00	2940495	7261002	4090521	0	-19.25	0.26	-16.63	0	207
1:22	35.63	41.13	22.38	28.00	18.50	0.00	-0.13	z	0	0	0	0	0	0.00	2940495	7261002	4090521	0	-19.00	0.25	-16.75	0	207
1:23	35.63	41.25	22.38	27.50	18.50	0.00	-0.13	z	0	0	0	0	0	0.00	2940495	7261002	4090521	0	-19.50	0.00	-16.75	0	207
1:24	35.63	41.13	22.38	27.25	18.50	0.00	0.00	z	0	0	0	0	0	0.00	2940495	7261002	4090521	0	-19.75	-0.25	-16.75	0	207
1:25	35.63	41.13	22.38	27.75	18.50	0.00	0.00	z	0	0	0	0	0	0.00	2940495	7261002	4090521	0	-19.25	0.52	-16.75	0	207
1:26	35.63	41.13	22.38	27.50	18.50	0.00	-0.00	z	0	0	0	0	0	0.00	2940495	7261002	4090521	0	-19.50	-0.25	-16.75	0	207
1:27	35.63	41.13	22.25	27.25	18.38	0.00	0.00	z	0	0	0	0	0	0.00	2940495	7261002	4090521	0	-19.75	-0.52	-16.75	0	207
1:28	35.63	41.13	22.25	27.75	18.38	0.00	-0.00	z	0	0	0	0	0	0.00	2940495	7261002	4090521	0	-19.25	-0.26	-16.75	0	207
1:29	35.63	41.13	22.25	27.25	18.38	0.00	-0.00	z	0	0	0	0	0	0.00	2940495	7261002	4090521	0	-19.75	-0.51	-16.75	0	207
1:30	35.50	41.13	22.25	27.25	18.38	0.00	0.00	z	0	0	0	0	0	0.00	2940495	7261002	4090521	0	-19.75	0.01	-16.88	0	207
1:31	35.50	41.13	22.25	27.25	18.25	0.00	0.00	z	0	0	0	0	0	0.00	2940495	7261002	4090521	0	-19.75	-0.25	-16.88	0	207
1:32	35.50	41.13	22.13	27.25	18.25	0.00	0.00	z	0	0	0	0	0	0.00	2940495	7261002	4090521	0	-19.75	-0.27	-16.88	0	207
1:33	35.50	41.13	22.13	27.50	18.25	0.00	0.00	z	0	0	0	0	0	0.00	2940495	7261002	4090521	0	-19.50	0.27	-16.88	0	207
1:34	35.50	41.00	22.13	27.50	18.13	0.00	0.00	z	0	0	0	0	0	0.00	2940495	7261002	4090521	0	-19.50	-0.01	-16.88	0	207
1:35	35.38	41.00	22.13	27.75	18.13	0.00	-0.13	z	0	0	0	0	0	0.00	2940495	7261002	4090521	0	-19.25	0.25	-17.00	0	207
1:36	35.50	41.00	22.13	27.75	18.13	0.00	0.00	z	0	0	0	0	0	0.00	2940495	7261002	4090521	0	-19.25	-0.02	-16.88	0	207
1:37	35.38	41.00	22.13	27.50	18.13	0.00	0.00	z	0	0	0	0	0	0.00	2940495	7261002	4090521	0	-19.50	0.00	-17.00	0	207
1:38	35.38	41.00	22.13	27.50	18.13	0.00	0.00	z	0	0	0	0	0	0.00	2940495	7261002	4090521	0	-19.50	0.00	-17.00	0	207
1:39	35.38	41.00	22.00	27.25	18.00	0.00	0.00	z	0	0	0	0	0	0.00	2940495	7261002	4090521	0	-19.75	-0.26	-17.00	0	207
1:40	35.38	41.00	22.00	27.25	18.00	0.00	0.00	z	0	0	0	0	0	0.00	2940495	7261002	4090521	0	-19.75	-0.52	-17.00	0	207
1:41	35.38	41.00	22.00	27.00	18.00	0.00	-0.00	z	0	0	0	0	0	0.00	2940495	7261002	4090521	0	-20.00	-0.78	-17.00	0	207
1:42	35.25	41.00	22.00	27.00	18.00	0.00	-0.13	z	0	0	0	0	0	0.00	2940495	7261002	4090521	0	-20.00	0.02	-17.13	0	207
1:43	35.25	41.00	22.00	27.25	18.00	0.00	-0.13	z	0	0	0	0	0	0.00	2940495	7261002	4090521	0	-19.75	0.28	-17.13	0	207
1:44	35.25	41.00	22.00	27.50	18.00	0.00	0.00	z	0	0	0	0	0	0.00	2940495	7261002	4090521	0	-19.50	0.26	-17.13	0	207
1:45	35.25	40.88	21.88	27.25	17.88	0.00	-0.00	z	0	0	0	0	0	0.00	2940495	7261002	4090521	0	-19.75	-0.25	-17.13	0	207
1:46	35.25	40.88	21.88	27.25	17.88	0.00	0.00	z	0	0	0	0	0	0.00	2940495	7261002	4090521	0	-19.75	0.26	-17.13	0	207
1:47	35.25	40.88	21.88	27.25	17.88	0.00	0.00	z	0	0	0	0	0	0.00	2940495	7261002	4090521	0	-19.75	-0.00	-17.13	0	207
1:48	35.25	40.88	21.88	27.25	17.88	0.00	0.00	z	0	0	0	0	0	0.00	2940495	7261002	4090521	0	-19.75	0.01	-17.13	0	207
1:49	35.25	40.88	21.88	27.25	17.88	0.00	0.00	z	0	0	0	0	0	0.00	2940495	7261002	4090521	0	-19.75	0.02	-17.13	0	207
1:50	35.13	40.88	21.75	27.25	17.75	0.00	-0.13	z	0	0	0	0	0	0.00	2940495	7261002	4090521	0	-19.75	-0.55	-17.25	0	207
1:51	35.13	40.88	21.75	27.25	17.75	0.00	0.00	z	0	0	0	0	0	0.00	2940495	7261002	4090521	0	-19.75	-0.27	-17.25	0	207
1:52	35.13	40.88	21.75	27.25	17.75	0.00	0.00	z	0	0	0	0	0	0.00	2940495	7261002	4090521	0	-19.75	-0.01	-17.25	0	207
1:53	35.13	40.88	21.75	27.00	17.75	0.00	0.00	z	0	0	0	0	0	0.00	2940495	7261002	4090521	0	-20.00	-0.28	-17.25	0	207
1:54	35.00	40.88	21.75	27.00	17.63	0.00	-0.13	z	0	0	0	0	0	0.00	2940495	7261002	4090521	0	-20.00	-0.26	-17.38	0	207
1:55	35.13	40.75	21.75	27.25	17.63	0.00	0.00	z	0	0	0	0	0	0.00	2940495	7261002	4090521	0	-19.75	-0.02	-17.25	0	207
1:56	35.00	40.75	21.75	27.50	17.63	0.00	-0.00	z	0	0	0	0	0	0.00	2940495	7261002	4090521	0	-19.50	0.26	-17.38	0	207
1:57	35.00	40.75	21.63	27.00	17.63	0.00	-0.00	z	0	0	0	0	0	0.00	2940495	7261002	4090521	0	-20.00	-0.53	-17.38	0	207
1:58	35.00	40.75	21.63	27.00	17.63	0.00	0.00	z	0	0	0	0	0	0.00	2940495	7261002	4090521	0	-20.00	-0.27	-17.38	0	207
1:59	35.00	40.75	21.63	27.25	17.63	0.00	0.00	z	0	0	0	0	0	0.00	2940495	7261002	4090521	0	-19.75	0.54	-17.38	0	207
2:0	35.00	40.75	21.63	26.75	17.50	0.00	0.00	z	0	0	0	0	0	0.00	2940495	7261002	4090521	0	-20.25	-0.52	-17.38	0	207
2:1	35.00	40.75	21.50	27.25	17.50	0.00	0.00	z	0	0	0	0	0	0.00	2940495	7261002	4090521	0	-19.75	0.54	-17.38	0	207
2:2	35.00	40.75	21.50	27.25	17.50	0.00	0.00	z	0	0	0	0	0	0.00	2940495	7261002	4090521	0	-19.75	0.53	-17.38	0	207
2:3	34.88	40.75	21.50	27.25	17.50	0.00	-0.14	z	0	0	0	0	0	0.00	2940495	7261002	4090521	0	-19.75	-0.03	-17.50	0	207
2:4	34.88	40.75	21.50	27.50	17.50	0.00	-0.00	z	0	0	0	0	0	0.00	2940495	7261002	4090521	0	-19.50	0.25	-17.50	0	207
2:5	34.88	40.75	21.50	26.75	17.50	0.00	0.00	z	0	0	0	0	0	0.00	2940495	7261002	4090521	0	-20.25	-0.27	-17.50	0	207
2:6	34.88	40.75	21.38	26.75	17.38	0.00	0.00	z	0	0	0	0	0	0.00	2940495	7261002	4090521	0	-20.25	0.01	-17.50	0	207
2:7	34.88	40.63	21.38	27.25	17.38	0.00	0.00	z	0	0	0	0	0	0.00	2940495	7261002	4090521	0	-19.75	0.25	-17.50	0	207
2:8	34.88	40.63	21.38	27.25	17.38	0.00	0.00	z	0	0	0	0	0	0.00	2940495	7261002	4090521	0	-19.75	-0.01	-17.50	0	207
2:9	34.75	40.63	21.38	27.25	17.38	0.00	-0.14	z	0	0	0	0	0	0.00	2940495	7261002	4090521	0	-19.75	-0.04	-17.63	0	207
2:10	34.75	40.63	21.38	27.00	17.38	0.00	0.00	z	0	0	0	0	0	0.00	2940495	7261002	4090521	0	-20.00	-0.27	-17.63	0	207
2:11	34.75	40.63	21.38	26.75	17.25	0.00	0.00	z	0	0	0	0	0	0.00	2940495	7261002	4090521	0	-20.25	-0.25	-17.63	0	207
2:12	34.75	40.63	21.38	26.75	17.25	0.00	0.00	z	0	0	0	0	0	0.00	2940495	7261002	4090521	0	-20.25	-0.25	-17.63	0	207
2:13	34.75	40.63	21.25	26.75	17.25	0.00	0.00	z	0	0	0	0	0	0.00	2940495	7261002	4090521	0	-20.25	-0.25	-17.63	0	207
2:14	34.75	40.63	21.25	26.75	17.25	0.00	0.00	z	0	0	0	0	0	0.00	2940495	7261002	4090521	0	-20.25	-0.54	-17.63	0	207
2:15	34.75	40.63	21.25	26.75	17.25	0.00	0.00	z	0	0	0	0	0	0.00	2940495	7261002	4090521	0	-20.25	0.03	-17.63	0	207
2:16	34.63	40.63	21.25	26.50	17.13	0.00	-0.14	z	0	0	0	0	0	0.00	2940495	7261002	4090521	0	-20.50	-0.26	-17.75	0	207
2:17	34.63	40.63	21.13	26.75	17.13	0.00	0.00	z	0	0	0	0	0	0.00	2940495	7261002	4090521	0	-20.25	-0.28	-17.75	0	207
2:18	34.63	40.63	21.13	27.00	17.13	0.00	-0.00	z	0	0	0	0	0	0.00	2940495	7261002	4090521	0	-20.00	0.56	-17.75	0	207
2:19	34.63	40.63	21.13	26.75	17.13	0.00	-0.00	z	0	0	0	0	0	0.00	2940495	7261002	4090521	0	-20.25	-0.29	-17.75	0	207
2:20	34.63	40.50	21.13	27.00	17.13	0.00	0.00	z	0	0	0	0	0	0.00	2940495	7261002	4090521	0	-20.00	0.28	-17.75	0	207
2:21	34.63	40.50	21.13	27.25	17.13	0.00	0.00	z	0	0	0	0	0	0.00	2940495	7261002	4090521	0	-19.75	0.54	-17.75	0	207
2:22	34.50	40.50	21.13	26.75	17.13	0.00	-0.14	z	0	0	0	0	0	0.00	2940495	7261002	4090521	0	-20.25	-0.31	-17.88	0	207
2:23	34.50	40.50	21.00	26.75	17.00	0.00	0.00	z	0	0	0	0	0	0.00	2940495	7261002	4090521	0	-20.25	0.02	-17.88	0	207
2:24	34.50	40.50	21.00	27.00	17.00	0.00	-0.00	z	0	0	0	0	0	0.00	2940495	7261002	4090521	0	-20.00	-0.28	-17.88	0	207
2:25	34.50	40.50	21.00	27.00	17.00	0.00	0.00	z	0	0	0	0	0	0.00	2940495	7261002	4090521	0	-20.00	-0.32	-17.88	0	207
2:26	34.50	40.50	21.00	26.75	17.00	0.00	0.00	z	0	0	0	0	0	0.00	2940495	7261002	4090521	0	-20.25	0.00	-17.88	0	207
2:27	34.50	40.50	21.00	26.75	17.00	0.00	0.00	z	0	0	0	0	0	0.00	2940495	7261002	4090521	0	-20.25	0.00	-17.88	0	207
2:28	34.38	40.50	21.00	26.00	16.88	0.00	-0.13	z	0	0	0	0	0	0.00	2940495	7261002	4090521	0	-21.00	-0.79	-18.00	0	207
2:29	34.38	40.50	20.88	27.00	16.88	0.00	-0.14	z	0	0	0	0	0	0.00	2940495	7261002	4090521	0	-20.00	-0.32	-18.00	0	207
2:30	34.38	40.50	20.88	26.75	16.88	0.00	-0.00	z	0	0	0	0	0	0.00	2940495	7261002	4090521	0	-20.25	0.56	-18.00	0	207
2:31	34.38	40.50	20.88	26.25	16.88	0.00	0.00	z	0	0	0	0	0	0.00	2940495	7261002	4090521	0	-20.75	-0.55	-18.00	0	207
2:32	34.38	40.38	20.88	26.75	16.88	0.00	0.00	z	0	0	0	0	0	0.00	2940495	7261002	4090521	0	-20.25	-0.26	-18.00	0	207
2:33	34.38	40.38	20.88	26.75	16.88	0.00	0.00	z	0	0	0	0	0	0.00	2940495	7261002	4090521	0	-20.25	0.55	-18.00	0	207
2:34	34.38	40.38	20.88	26.25	16.88	0.00	0.00	z	0	0	0	0	0	0.00	2940495	7261002	4090521	0	-20.75	-0.51	-18.00	0	207
2:35	34.38	40.38	20.88	26.50	16.88	0.00	0.00	z	0	0	0	0	0	0.00	2940495	7261002	4090521	0	-20.50	-0.25	-18.00	0	207
2:36	34.25	40.38	20.75	26.75	16.75	0.00	0.00	z	0	0	0	0	0	0.00	2940495	7261002	4090521	0	-20.25	0.25	-18.13	0	207
2:37	34.25	40.38	20.75	26.75	16.75	0.00	0.00	z	0	0	0	0	0	0.00	2940495	7261002	4090521	0	-20.25	0.24	-18.13	0	207
2:38	34.25	40.38	20.75	26.25	16.75	0.00	0.00	z	0	0	0	0	0	0.00	2940495	7261002	4090521	0	-20.75	-0.24	-18.13	0	207
2:39	34.25	40.38	20.75	27.00	16.75	0.00	0.00	z	0	0	0	0	0	0.00	2940495	7261002	4090521	0	-20.00	0.82	-18.13	0	207
2:40	34.25	40.38	20.63	26.50	16.75	0.00	0.00	z	0	0	0	0	0	0.00	2940495	7261002	4090521	0	-20.50	0.02	-18.13	0	207
2:41	34.25	40.38	20.75	26.50	16.75	0.00	0.00	z	0	0	0	0	0	0.00	2940495	7261002	4090521	0	-20.50	-0.27	-18.13	0	207
2:43	34.13	40.38	20.63	26.75	16.63	0.00	-0.15	z	0	0	0	0	0	0.00	2940495	7261002	4090521	0	-20.25	0.27	-18.25	0	207
2:44	34.13	40.38	20.63	26.50	16.63	0.00	0.00	z	0	0	0	0	0	0.00	2940495	7261002	4090521	0	-20.50	-0.27	-18.25	0	207
2:45	34.13	40.25	20.63	26.50	16.63	0.00	0.00	z	0	0	0	0	0	0.00	2940495	7261002	4090521	0	-20.50	-0.61	-18.25	0	207
2:46	34.13	40.25	20.63	26.25	16.63	0.00	0.00	z	0	0	0	0	0	0.00	2940495	7261002	4090521	0	-20.75	-0.61	-18.25	0	207
2:47	34.13	40.25	20.63	26.75	16.63	0.00	0.00	z	0	0	0	0	0	0.00	2940495	7261002	4090521	0	-20.25	0.59	-18.25	0	207
2:48	34.13	40.25	20.63	26.50	16.63	0.00	0.00	z	0	0	0	0	0	0.00	2940495	7261002	4090521	0	-20.50	0.00	-18.25	0	207
2:49	34.00	40.25	20.50	26.75	16.63	0.00	-0.13	z	0	0	0	0	0	0.00	2940495	7261002	4090521	0	-20.25	0.27	-18.38	0	207
2:50	34.00	40.25	20.50	26.50	16.50	0.00	0.00	z	0	0	0	0	0	0.00	2940495	7261002	4090521	0	-20.50	0.00	-18.38	0	207
2:51	34.00	40.25	20.50	26.50	16.50	0.00	-0.00	z	0	0	0	0	0	0.00	2940495	7261002	4090521	0	-20.50	0.00	-18.38	0	207
2:52	34.00	40.25	20.50	26.00	16.50	0.00	0.00	z	0	0	0	0	0	0.00	2940495	7261002	4090521	0	-21.00	-0.57	-18.38	0	207
2:53	34.00	40.25	20.50	26.00	16.50	0.00	0.00	z	0	0	0	0	0	0.00	2940495	7261002	4090521	0	-21.00	0.05	-18.38	0	207
2:54	34.00	40.25	20.50	26.50	16.50	0.00	-0.00	z	0	0	0	0	0	0.00	2940495	7261002	4090521	0	-20.50	0.24	-18.38	0	207
2:55	34.00	40.25	20.50	26.50	16.50	0.00	0.00	z	0	0	0	0	0	0.00	2940495	7261002	4090521	0	-20.50	0.00	-18.38	0	207
2:56	33.88	40.25	20.38	26.75	16.50	0.00	-0.14	z	0	0	0	0	0	0.00	2940495	7261002	4090521	0	-20.25	0.54	-18.50	0	207
2:57	33.88	40.25	20.38	26.50	16.38	0.00	0.00	z	0	0	0	0	0	0.00	2940495	7261002	4090521	0	-20.50	0.00	-18.50	0	207
2:58	33.88	40.13	20.38	25.75	16.38	0.00	0.00	z	0	0	0	0	0	0.00	2940495	7261002	4090521	0	-21.25	-1.11	-18.50	0	207
2:59	33.88	40.13	20.38	26.50	16.38	0.00	0.00	z	0	0	0	0	0	0.00	2940495	7261002	4090521	0	-20.50	-0.06	-18.50	0	207
3:0	33.88	40.13	20.38	26.25	16.38	0.00	0.00	z	0	0	0	0	0	0.00	2940495	7261002	4090521	0	-20.75	-0.30	-18.50	0	207
3:1	33.88	40.13	20.38	26.50	16.38	0.00	0.00	z	0	0	0	0	0	0.00	2940495	7261002	4090521	0	-20.50	-0.06	-18.50	0	207
3:2	33.88	40.13	20.25	26.75	16.38	0.00	-0.00	z	0	0	0	0	0	0.00	2940495	7261002	4090521	0	-20.25	0.24	-18.50	0	207
3:3	33.88	40.13	20.25	26.00	16.38	0.00	0.00	z	0	0	0	0	0	0.00	2940495	7261002	4090521	0	-21.00	-0.58	-18.50	0	207
3:4	33.75	40.13	20.25	26.00	16.38	0.00	-0.15	z	0	0	0	0	0	0.00	2940495	7261002	4090521	0	-21.00	0.34	-18.63	0	207
3:5	33.75	40.13	20.25	26.25	16.25	0.00	0.00	z	0	0	0	0	0	0.00	2940495	7261002	4090521	0	-20.75	0.31	-18.63	0	207
3:6	33.75	40.13	20.25	26.50	16.25	0.00	0.00	z	0	0	0	0	0	0.00	2940495	7261002	4090521	0	-20.50	0.00	-18.63	0	207
3:7	33.75	40.13	20.25	26.25	16.25	0.00	0.00	z	0	0	0	0	0	0.00	2940495	7261002	4090521	0	-20.75	0.31	-18.63	0	207
3:8	33.75	40.13	20.13	26.00	16.25	0.00	0.00	z	0	0	0	0	0	0.00	2940495	7261002	4090521	0	-21.00	0.04	-18.63	0	207
3:9	33.75	40.13	20.13	26.50	16.25	0.00	0.00	z	0	0	0	0	0	0.00	2940495	7261002	4090521	0	-20.50	-0.04	-18.63	0	207
3:10	33.63	40.00	20.13	26.00	16.25	0.00	-0.16	F	1	60	0	0	0	0.00	2941901	7261002	4090521	0	0.00	0.31	0.00	1	169
3:11	33.63	40.00	20.13	25.75	16.25	0.00	0.00	F	1	60	0	0	0	0.00	2965400	7261002	4090521	0	0.25	-0.51	0.00	1	165
3:12	33.63	40.00	20.13	26.50	16.13	0.00	-0.00	F	1	60	0	0	0	0.00	2965400	7261002	4090521	0	1.00	-0.31	0.00	0	166
3:13	33.63	40.00	20.13	26.75	16.13	0.00	-0.00	F	1	60	0	0	0	0.00	2990308	7261002	4090521	0	1.25	-0.00	0.00	1	171
3:14	33.63	40.00	20.00	27.25	16.13	0.00	0.00	F	1	60	0	0	0	0.00	2990308	7261002	4090521	0	1.75	0.39	0.00	1	166
3:15	33.63	40.00	20.00	27.50	16.13	0.00	0.00	F	1	60	0	0	0	0.00	2991658	7261002	4090521	0	2.00	0.08	0.13	1	166
3:16	33.50	40.00	20.00	28.75	16.00	0.00	0.02	2	1	63	0	0	0	0.00	3024662	7261002	4090521	0	0.00	1.46	0.00	0	154
3:17	33.50	40.00	20.00	29.75	16.00	0.00	0.00	2	1	63	0	0	0	0.00	3034115	7261002	4090521	0	1.00	0.91	0.00	0	159
3:18	33.50	40.00	20.00	31.00	16.00	0.00	0.00	2	1	63	0	0	0	0.00	3053015	7261002	4090521	0	2.25	1.23	0.00	0	151
3:19	33.50	40.00	20.00	32.25	16.00	0.00	0.00	2	1	63	0	0	0	0.00	3062460	7261002	4090521	0	3.50	1.18	0.00	0	155
3:20	33.63	40.00	20.00	34.00	16.00	0.00	0.00	2	1	63	0	0	0	0.00	3081393	7261002	4090521	0	5.25	1.82	0.13	0	155
3:21	33.75	40.00	20.00	36.50	16.00	0.00	0.16	2	1	63	0	0	0	0.00	3090811	7261002	4090521	0	7.75	2.30	0.25	0	154
3:22	34.00	40.00	20.00	37.50	16.00	0.00	0.30	2	1	63	0	0	0	0.00	3109560	7261002	4090521	0	8.75	0.68	0.50	0	157
3:23	34.38	39.88	20.00	39.75	16.00	0.00	0.46	2	1	63	0	0	0	0.00	3119005	7261002	4090521	0	11.00	1.47	0.88	0	156
3:24	34.88	39.88	20.13	42.75	16.00	0.00	0.62	2	1	63	0	0	0	0.00	3137909	7261002	4090521	0	14.00	3.96	1.38	0	155
3:25	35.63	39.88	20.13	43.50	16.00	0.00	0.76	2	1	63	0	0	0	0.00	3147363	7261002	4090521	0	14.75	0.64	2.13	0	156
3:26	36.38	39.88	20.25	44.00	16.13	0.00	0.76	2	1	63	0	0	0	0.00	3166261	7261002	4090521	0	15.25	0.64	2.88	0	157
3:27	37.25	39.88	20.38	45.50	16.13	0.00	0.92	2	1	63	0	0	0	0.00	3175714	7261002	4090521	0	16.75	1.47	3.75	0	158
3:28	38.25	39.88	20.63	47.00	16.25	0.00	1.06	2	1	63	0	0	0	0.00	3194615	7261002	4090521	0	18.25	1.57	4.75	0	156
3:29	39.00	39.88	20.75	48.25	16.25	0.00	0.76	2	1	63	0	0	0	0.00	3203971	7261002	4090521	0	19.50	1.20	5.50	0	156
3:30	40.00	39.88	21.00	49.75	16.38	0.00	0.90	2	1	63	0	0	0	0.00	3222871	7261002	4090521	0	21.00	1.85	6.50	0	156
3:31	41.13	39.88	21.38	51.25	16.50	0.00	1.07	2	1	63	0	0	0	0.00	3232323	7261002	4090521	0	22.50	1.44	7.63	0	157
3:32	42.25	39.88	21.50	51.25	16.50	0.00	1.07	2	1	63	1	0	0	0.00	3251076	7278054	4090521	0	22.50	0.05	8.75	0	156
3:33	43.38	39.88	19.88	52.75	16.63	0.00	1.07	2	1	63	1	0	0	0.00	3260526	7338065	4090521	0	24.00	1.11	9.88	0	157
3:34	44.50	39.88	18.63	53.75	16.75	0.00	1.23	2	1	63	1	0	0	0.00	3279427	7398069	4090521	0	25.00	1.53	11.00	0	153
3:35	45.25	39.88	18.00	53.50	16.75	0.00	0.77	2	1	63	1	0	0	0.00	3288877	7458069	4090521	0	24.75	-0.60	11.75	0	156
3:36	45.75	39.88	17.88	53.75	16.88	0.00	0.47	2	1	63	1	0	0	0.00	3307775	7518070	4090521	0	25.00	0.10	12.25	0	156
3:37	45.88	39.75	18.63	54.00	17.00	0.00	0.16	2	1	63	1	0	0	0.00	3317228	7578142	4090521	0	25.25	-0.33	12.38	0	159
3:38	45.00	39.75	20.38	55.00	17.13	0.00	-1.08	2	1	63	0	0	0	0.00	3335926	7636950	4090521	0	26.25	0.61	11.50	0	156
3:39	43.75	39.75	21.75	55.25	17.25	0.00	-1.26	2	1	63	0	0	0	0.00	3345377	7636950	4090521	0	26.50	0.18	10.25	0	154
3:40	43.00	39.75	22.25	55.00	17.25	0.00	-0.77	2	1	63	0	0	0	0.00	3364275	7636950	4090521	0	26.25	-0.23	9.50	0	156
3:41	42.25	39.75	22.25	56.25	17.38	0.00	-0.77	2	1	63	0	0	0	0.00	3373728	7636950	4090521	0	27.50	0.56	8.75	0	157
3:42	41.63	39.75	22.13	55.75	17.50	0.00	-0.61	2	1	63	0	0	0	0.00	3392633	7636950	4090521	0	27.00	-0.51	8.13	0	155
3:43	41.13	39.75	21.88	57.00	17.63	0.00	-0.64	2	1	63	0	0	0	0.00	3402119	7636950	4090521	0	28.25	0.51	7.63	0	158
3:44	40.63	39.75	21.75	56.75	17.63	0.00	-0.47	2	1	63	0	0	0	0.00	3420839	7636950	4090521	0	28.00	0.28	7.13	0	157
3:45	40.13	39.75	21.75	57.00	17.75	0.00	-0.45	2	1	63	0	0	0	0.00	3430289	7636950	4090521	0	28.25	-0.05	6.63	0	159
3:46	40.00	39.75	22.00	57.00	17.88	0.00	-0.17	2	1	63	0	0	0	0.00	3449192	7636950	4090521	0	28.25	-0.05	6.50	0	156
3:47	40.25	39.75	22.13	57.75	17.88	0.00	0.31	2	1	63	0	0	0	0.00	3458645	7636950	4090521	0	29.00	0.61	6.75	0	153
3:48	41.00	39.63	22.63	57.50	18.00	0.00	0.78	2	1	63	0	0	0	0.00	3477547	7636950	4090521	0	28.75	-0.39	7.50	0	154
3:49	42.00	39.75	23.00	58.75	18.13	0.00	0.95	2	1	63	1	0	0	0.00	3486997	7643646	4090521	0	30.00	1.52	8.50	0	156
3:50	43.00	39.63	23.00	58.50	18.13	0.00	0.95	2	1	63	1	0	0	0.00	3505897	7703648	4090521	0	29.75	-0.28	9.50	0	156
3:51	44.00	39.63	23.50	58.25	18.25	0.00	0.93	2	1	63	1	0	0	0.00	3515347	7763655	4090521	0	29.50	0.45	10.50	0	157
3:52	45.00	39.63	24.00	59.00	18.38	0.00	0.95	2	1	63	1	0	0	0.00	3534251	7823671	4090521	0	30.25	0.67	11.50	0	156
3:53	45.75	39.63	24.63	59.00	18.38	0.00	0.62	2	1	63	1	0	0	0.00	3543701	7883717	4090521	0	30.25	-0.23	12.25	0	159
3:54	46.00	39.63	25.38	58.75	18.50	0.00	0.31	2	1	63	1	0	0	0.00	3562455	7943821	4090521	0	30.00	0.73	12.50	0	155
3:55	45.75	39.63	26.38	59.75	18.63	0.00	-0.31	2	1	63	1	0	0	0.00	3571913	8003969	4090521	0	31.00	0.34	12.25	0	153
3:56	44.88	39.63	27.38	59.50	18.63	0.00	-0.96	2	1	63	0	0	0	0.00	3590818	8054272	4090521	0	30.75	-0.34	11.38	0	157
3:57	43.75	39.63	28.13	59.50	18.75	0.00	-0.96	2	1	63	0	0	0	0.00	3600271	8054272	4090521	0	30.75	-0.34	10.25	0	157
3:58	43.13	39.63	28.38	59.75	18.75	0.00	-0.62	2	1	63	0	0	0	0.00	3619176	8054626	4090521	0	31.00	0.34	9.63	0	154
3:59	42.50	39.63	28.50	60.25	18.88	0.00	-0.62	2	1	63	0	0	0	0.00	3628628	8059978	4090521	0	31.50	0.56	9.00	0	156
4:0	42.13	39.63	28.25	60.00	18.88	0.00	-0.48	2	1	63	1	0	0	0.00	3647529	8075657	4090521	0	31.25	-0.28	8.63	0	156
4:1	42.00	39.63	28.25	60.25	19.00	0.00	0.00	2	1	63	1	0	0	0.00	3656980	8127766	4090521	0	31.50	-0.00	8.50	0	154
4:2	42.50	39.63	28.63	59.75	19.00	0.00	0.48	2	1	63	1	0	0	0.00	3675888	8187779	4090521	0	31.00	-0.68	9.00	0	155
4:3	43.13	39.63	28.88	61.00	19.13	0.00	0.65	2	1	63	1	0	0	0.00	3685338	8247789	4090521	0	32.25	1.19	9.63	0	156
4:4	43.63	39.50	29.00	60.75	19.25	0.00	0.48	2	1	63	1	0	0	0.00	3704243	8307851	4090521	0	32.00	1.08	10.13	0	155
4:5	44.00	39.50	29.38	61.25	19.25	0.00	0.31	2	1	63	1	0	0	0.00	3713695	8367961	4090521	0	32.50	0.16	10.50	0	155
4:6	44.00	39.50	29.75	61.25	19.38	0.00	0.00	2	1	63	1	0	0	0.00	3732446	8427965	4090521	0	32.50	0.40	10.50	0	155
4:7	43.88	39.50	30.13	60.75	19.38	0.00	-0.14	2	1	63	1	0	0	0.00	3741895	8488111	4090521	0	32.00	0.12	10.38	0	157
4:8	43.38	39.50	30.50	60.25	19.50	0.00	-0.49	2	1	63	1	0	0	0.00	3760804	8528422	4090521	0	31.50	-0.63	9.88	0	157
4:9	43.00	39.50	30.88	60.00	19.50	0.00	-0.31	2	1	63	1	0	0	0.00	3770254	8582271	4090521	0	31.25	-0.50	9.50	0	155
4:10	42.75	39.50	31.13	61.25	19.63	0.00	-0.14	2	1	63	1	0	0	0.00	3789158	8642387	4090521	0	32.50	0.63	9.25	0	157
4:11	42.63	39.50	31.25	61.25	19.63	0.00	-0.17	2	1	63	1	0	0	0.00	3798607	8702407	4090521	0	32.50	-0.35	9.13	0	155
4:12	42.63	39.50	31.50	61.00	19.75	0.00	0.00	2	1	63	1	0	0	0.00	3817510	8762420	4090521	0	32.25	-0.35	9.13	0	156
4:13	42.75	39.50	31.50	61.25	19.75	0.00	0.17	2	1	63	1	0	0	0.00	3826956	8822563	4090521	0	32.50	0.16	9.25	0	153
4:14	42.75	39.50	31.63	61.25	19.88	0.00	0.00	2	1	63	1	0	0	0.00	3845859	8882621	4090521	0	32.50	0.00	9.25	0	157
4:15	42.88	39.50	31.63	61.50	19.88	0.00	0.17	2	1	63	1	0	0	0.00	3855341	8942715	4090521	0	32.75	-0.48	9.38	0	155
4:17	43.00	39.50	31.75	61.25	20.00	0.00	0.17	2	1	63	1	0	0	0.00	3874205	9002862	4090521	0	32.50	0.06	9.50	0	155
4:18	43.00	39.50	31.75	61.75	20.00	0.00	-0.00	2	1	63	1	0	0	0.00	3883650	9063009	4090521	0	33.00	0.35	9.50	0	158
4:19	43.13	39.50	31.88	62.25	20.13	0.00	0.00	2	1	63	1	0	0	0.00	3902547	9123064	4090521	0	33.50	0.70	9.63	0	157
4:20	43.25	39.50	32.00	62.25	20.13	0.00	0.00	2	1	63	1	0	0	0.00	3911999	9183157	4090521	0	33.50	-0.13	9.75	0	157
4:21	43.38	39.38	32.13	62.00	20.25	0.00	0.00	2	1	63	1	0	0	0.00	3930897	9243305	4090521	0	33.25	0.07	9.88	0	157
4:22	43.50	39.38	32.25	62.50	20.25	0.00	0.00	2	1	63	1	0	0	0.00	3940198	9303315	4090521	0	33.75	0.99	10.00	0	156
4:23	43.75	39.38	32.38	62.00	20.38	0.00	0.14	2	1	63	1	0	0	0.00	3959101	9363315	4090521	0	33.25	-0.85	10.25	0	158
4:24	43.88	39.38	32.50	62.50	20.38	0.00	0.18	2	1	63	1	0	0	0.00	3968550	9423375	4090521	0	33.75	-0.07	10.38	0	156
4:25	44.00	39.38	32.63	62.00	20.38	0.00	0.18	2	1	63	1	0	0	0.00	3987494	9483476	4090521	0	33.25	-0.22	10.50	0	155
4:26	44.13	39.38	32.75	62.75	20.50	0.00	0.18	2	1	63	1	0	0	0.00	3996914	9543479	4090521	0	34.00	1.06	10.63	0	156
4:27	44.25	39.38	32.88	62.00	20.50	0.00	0.00	2	1	63	1	0	0	0.00	4015665	9603492	4090521	0	33.25	-0.64	10.75	0	154
4:28	44.38	39.38	33.00	62.50	20.63	0.00	0.18	2	1	63	1	0	0	0.00	4025119	9663502	4090521	0	33.75	0.78	10.88	0	157
4:29	44.50	39.38	33.13	62.50	20.63	0.00	0.18	2	1	63	1	0	0	0.00	4044014	9723701	4090521	0	33.75	0.71	11.00	0	157
4:30	44.63	39.38	33.25	62.00	20.63	0.00	0.18	2	1	63	1	0	0	0.00	4053501	9783812	4090521	0	33.25	-0.92	11.13	0	154
4:31	44.75	39.38	33.38	62.50	20.75	0.00	0.18	2	1	63	1	0	0	0.00	4072371	9843824	4090521	0	33.75	0.35	11.25	0	153
4:32	44.88	39.38	33.38	62.75	20.75	0.00	0.14	2	1	63	1	0	0	0.00	4081824	9903831	4090521	0	34.00	0.29	11.38	0	156
4:33	44.88	39.38	33.50	62.50	20.75	0.00	0.00	2	1	63	1	0	0	0.00	4100726	9963838	4090521	0	33.75	0.43	11.38	0	156
4:34	45.00	39.38	33.63	63.00	20.88	0.00	0.18	2	1	63	1	0	0	0.00	4110179	10023840	4090521	0	34.25	0.36	11.50	0	156
4:35	45.13	39.38	33.75	62.50	20.88	0.00	0.18	2	1	63	1	0	0	0.00	4129084	10083899	4090521	0	33.75	-0.36	11.63	0	153
4:36	45.25	39.38	33.88	62.75	21.00	0.00	0.14	2	1	63	1	0	0	0.00	4138532	10143989	4090521	0	34.00	0.43	11.75	0	157
4:37	45.38	39.25	33.88	63.50	21.00	0.00	0.14	2	1	63	1	0	0	0.00	4157432	10204137	4090521	0	34.75	0.57	11.88	0	154
4:38	45.38	39.25	34.00	62.75	21.00	0.00	-0.00	2	1	63	1	0	0	0.00	4166739	10264138	4090521	0	34.00	-1.51	11.88	0	153
4:39	45.50	39.25	34.13	62.75	21.13	0.00	0.00	2	1	63	1	0	0	0.00	4185633	10324142	4090521	0	34.00	1.31	12.00	0	159
4:40	45.63	39.25	34.13	62.75	21.13	0.00	0.18	2	1	63	1	0	0	0.00	4195080	10384202	4090521	0	34.00	-0.44	12.13	0	156
4:41	45.75	39.25	34.13	63.25	21.13	0.00	0.18	2	1	63	1	0	0	0.00	4213977	10444307	4090521	0	34.50	0.36	12.25	0	155
4:42	45.88	39.25	34.25	63.25	21.13	0.00	0.18	2	1	63	1	0	0	0.00	4223418	10504448	4090521	0	34.50	-0.00	12.38	0	155
4:43	45.88	39.25	34.38	63.25	21.25	0.00	0.00	2	1	63	1	0	0	0.00	4242318	10564452	4090521	0	34.50	0.65	12.38	0	153
4:44	46.00	39.25	34.38	63.75	21.25	0.00	0.18	2	1	63	1	0	0	0.00	4251767	10624475	4090521	0	35.00	0.65	12.50	0	154
4:45	46.00	39.25	34.50	64.00	21.25	0.00	0.00	2	1	63	1	0	0	0.00	4270679	10684553	4090521	0	35.25	0.00	12.50	0	157
4:46	46.25	39.25	34.50	63.75	21.38	0.00	0.14	2	1	63	1	0	0	0.00	4280132	10744656	4090521	0	35.00	-0.44	12.75	0	155
4:47	46.38	39.25	34.63	63.50	21.38	0.00	0.18	2	1	63	1	0	0	0.00	4299036	10804708	4090521	0	34.75	0.44	12.88	0	157
4:48	46.50	39.25	34.63	64.25	21.38	0.00	0.14	2	1	63	1	0	0	0.00	4308481	10864825	4090521	0	35.50	0.00	13.00	0	157
4:49	46.50	39.25	34.75	63.25	21.38	0.00	0.00	2	1	63	1	0	0	0.00	4327379	10925027	4090521	0	34.50	-1.02	13.00	0	156
4:50	46.63	39.25	34.75	63.50	21.50	0.00	0.18	2	1	63	1	0	0	0.00	4336831	10985133	4090521	0	34.75	0.00	13.13	0	157
4:51	46.63	39.13	34.88	63.75	21.50	0.00	-0.00	2	1	63	1	0	0	0.00	4355736	11045137	4090521	0	35.00	0.73	13.13	0	155
4:52	46.75	39.13	34.88	63.75	21.50	0.00	0.00	2	1	63	1	0	0	0.00	4365037	11105286	4090521	0	35.00	-0.37	13.25	0	153
4:53	46.75	39.13	35.00	64.00	21.50	0.00	-0.00	2	1	63	1	0	0	0.00	4383940	11165303	4090521	0	35.25	0.37	13.25	0	154
4:54	46.88	39.13	35.13	64.25	21.63	0.00	-0.00	2	1	63	1	0	0	0.00	4393392	11225370	4090521	0	35.50	0.41	13.38	0	155
4:55	46.88	39.13	35.13	63.75	21.63	0.00	-0.00	2	1	63	1	0	0	0.00	4412290	11285474	4090521	0	35.00	-0.57	13.38	0	154
4:56	47.00	39.13	35.13	64.75	21.63	0.00	0.00	2	1	63	1	0	0	0.00	4421746	11345489	4090521	0	36.00	0.29	13.50	0	156
4:57	47.00	39.13	35.25	64.00	21.63	0.00	0.00	2	1	63	1	0	0	0.00	4440646	11405492	4090521	0	35.25	-0.66	13.50	0	155
4:58	47.13	39.13	35.38	64.50	21.75	0.00	0.19	2	1	63	1	0	0	0.00	4450098	11465498	4090521	0	35.75	0.37	13.63	0	158
4:59	47.13	39.13	35.38	63.75	21.75	0.00	0.00	2	1	63	1	0	0	0.00	4469010	11525517	4090521	0	35.00	-0.95	13.63	0	154
5:0	47.38	39.13	35.38	64.25	21.75	0.00	0.19	2	1	63	1	0	0	0.00	4478457	11585573	4090521	0	35.50	-0.00	13.88	0	156
5:1	47.50	39.13	35.50	64.50	21.75	0.00	0.19	2	1	63	1	0	0	0.00	4497199	11645682	4090521	0	35.75	0.66	14.00	0	156
5:2	47.50	39.13	35.50	64.50	21.75	0.00	0.00	2	1	63	1	0	0	0.00	4506658	11705832	4090521	0	35.75	0.37	14.00	0	155
5:3	47.50	39.13	35.50	64.50	21.88	0.00	0.00	2	1	63	1	0	0	0.00	4525564	11765841	4090521	0	35.75	-0.38	14.00	0	155
5:4	47.63	39.13	35.63	65.00	21.88	0.00	0.19	2	1	63	1	0	0	0.00	4534869	11825854	4090521	0	36.25	0.39	14.13	0	157
5:5	47.63	39.13	35.63	64.50	21.88	0.00	-0.00	2	1	63	1	0	0	0.00	4553764	11885895	4090521	0	35.75	0.56	14.13	0	156
5:6	47.75	39.13	35.75	65.50	21.88	0.00	0.19	2	1	63	1	0	0	0.00	4563212	11945989	4090521	0	36.75	0.95	14.25	0	158
5:7	47.75	39.13	35.75	64.25	21.88	0.00	0.00	2	1	63	1	0	0	0.00	4582111	12005991	4090521	0	35.50	-1.34	14.25	0	157
5:8	47.88	39.00	35.88	65.00	21.88	0.00	0.19	2	1	63	1	0	0	0.00	4591562	12066135	4090521	0	36.25	-0.28	14.38	0	156
5:9	47.88	39.00	35.88	65.25	22.00	0.00	0.00	2	1	63	1	0	0	0.00	4610462	12126143	4090521	0	36.50	1.05	14.38	0	155
5:10	48.00	39.00	35.88	65.25	22.00	0.00	0.00	2	1	63	1	0	0	0.00	4619910	12186186	4090521	0	36.50	-0.68	14.50	0	156
5:11	48.13	39.00	35.88	64.75	22.00	0.00	0.19	2	1	63	1	0	0	0.00	4638839	12246283	4090521	0	36.00	-0.29	14.63	0	158
5:12	48.25	39.00	36.00	65.00	22.00	0.00	0.14	2	1	63	1	0	0	0.00	4648260	12306295	4090521	0	36.25	-0.10	14.75	0	154
5:13	48.38	39.00	36.00	64.50	22.00	0.00	0.14	2	1	63	1	0	0	0.00	4667165	12366294	4090521	0	35.75	-0.29	14.88	0	156
5:14	48.38	39.00	36.13	64.50	22.00	0.00	0.14	2	1	63	1	0	0	0.00	4676616	12426304	4090521	0	35.75	-0.68	14.88	0	156
5:15	48.38	39.00	36.13	64.25	22.13	0.00	-0.05	2	1	63	1	0	0	0.00	4695513	12486506	4090521	0	35.50	-0.19	14.88	0	157
5:16	48.38	39.00	36.25	65.25	22.13	0.00	-0.00	2	1	63	1	0	0	0.00	4704961	12546612	4090521	0	36.50	0.19	14.88	0	155
5:17	48.38	39.00	36.25	65.25	22.13	0.00	0.00	2	1	63	1	0	0	0.00	4723831	12606760	4090521	0	36.50	1.16	14.88	0	157
5:18	48.25	39.00	36.25	65.50	22.13	0.00	-0.19	2	1	63	1	0	0	0.00	4733286	12666778	4090521	0	36.75	-0.10	14.75	0	156
5:19	48.25	39.00	36.38	65.00	22.13	0.00	0.00	2	1	63	1	0	0	0.00	4752194	12726801	4090521	0	36.25	-0.00	14.75	0	157
5:20	48.38	39.00	36.38	64.75	22.13	0.00	0.14	2	1	63	1	0	0	0.00	4761642	12786838	4090521	0	36.00	-0.39	14.88	0	153
5:21	48.38	39.00	36.38	65.00	22.25	0.00	0.00	2	1	63	1	0	0	0.00	4780549	12846956	4090521	0	36.25	0.29	14.88	0	159
5:22	48.50	39.00	33.88	65.00	22.25	0.00	0.19	2	2	63	0	1	0	0.00	4789999	12870862	4126763	0	36.25	-0.59	15.00	0	158
5:23	48.25	39.00	32.75	65.00	22.25	0.00	-0.20	2	2	63	0	1	0	0.00	4808907	12870862	4186773	0	36.25	-0.09	14.75	0	155
5:24	47.63	39.25	34.00	64.75	22.25	0.00	-0.53	2	2	63	0	1	0	0.00	4818357	12870862	4246792	0	36.00	-0.97	14.13	0	157
5:25	46.00	39.63	34.75	65.25	22.25	0.00	-1.80	2	2	63	0	1	0	0.00	4837298	12870862	4306848	0	36.50	1.07	12.50	0	155
5:26	44.75	40.00	34.75	65.75	22.25	0.00	-1.12	2	2	63	0	1	0	0.00	4846724	12870862	4366958	0	37.00	0.58	11.25	0	156
5:27	44.25	40.25	34.63	65.25	22.25	0.00	-0.39	2	2	63	0	1	0	0.00	4865476	12870862	4427106	0	36.50	0.00	10.75	0	154
5:28	44.00	40.50	34.75	65.25	22.25	0.00	-0.20	2	2	63	0	1	0	0.00	4874929	12870862	4487117	0	36.50	-0.39	10.50	0	156
5:29	43.75	40.63	35.13	65.25	22.25	0.00	-0.34	2	2	63	0	1	0	0.00	4893826	12870862	4547311	0	36.50	-0.29	10.25	0	156
5:30	43.75	40.88	35.38	65.75	22.38	0.00	0.00	2	2	63	0	1	0	0.00	4903278	12870862	4607419	0	37.00	0.29	10.25	0	158
5:31	43.75	41.00	35.63	64.75	22.38	0.00	-0.00	2	2	63	0	1	0	0.00	4922176	12870862	4667421	0	36.00	-0.18	10.25	0	154
5:32	44.00	41.13	36.00	65.50	22.38	0.00	0.20	2	2	63	0	1	0	0.00	4931631	12870862	4727603	0	36.75	0.58	10.50	0	154
5:33	44.13	41.38	36.38	64.75	22.38	0.00	0.20	2	2	63	0	1	0	0.00	4950540	12870862	4787781	0	36.00	-0.79	10.63	0	155
5:34	44.38	41.50	36.63	64.75	22.38	0.00	0.20	2	2	63	0	1	0	0.00	4959991	12870862	4847883	0	36.00	-0.39	10.88	0	156
5:35	44.63	41.63	37.00	64.75	22.38	0.00	0.20	2	2	63	0	1	0	0.00	4978894	12870862	4907892	0	36.00	0.39	11.13	0	155
5:36	45.00	41.88	37.38	65.50	22.38	0.00	0.34	2	2	63	0	1	0	0.00	4988346	12870862	4967896	0	36.75	0.79	11.50	0	155
5:37	45.25	42.00	37.75	65.75	22.38	0.00	0.39	2	2	63	0	1	0	0.00	5007249	12870862	5027902	0	37.00	-0.11	11.75	0	156
5:38	45.75	42.13	38.13	64.25	22.38	0.00	0.54	2	2	63	0	1	0	0.00	5016700	12870862	5088092	0	35.50	-1.36	12.25	0	155
5:39	46.25	42.38	38.63	64.25	22.50	0.00	0.54	2	2	63	0	1	0	0.00	5035603	12870862	5148194	0	35.50	-0.39	12.75	0	155
5:40	46.50	42.50	39.00	65.00	22.50	0.00	0.39	2	2	63	0	1	0	0.00	5045061	12870862	5208207	0	36.25	0.00	13.00	0	156
5:41	46.88	42.75	39.38	65.50	22.50	0.00	0.34	2	2	63	0	1	0	0.00	5063967	12870862	5268249	0	36.75	0.79	13.38	0	155
5:42	47.25	43.00	39.75	65.25	22.50	0.00	0.34	2	2	63	0	1	0	0.00	5073418	12870862	5328381	0	36.50	1.08	13.75	0	153
5:43	47.63	43.25	40.13	65.25	22.50	0.00	0.34	2	2	63	0	1	0	0.00	5092320	12870862	5388437	0	36.50	0.22	14.13	0	156
5:44	48.00	43.38	40.50	64.75	22.50	0.00	0.40	2	2	63	0	1	0	0.00	5101770	12870862	5448516	0	36.00	0.22	14.50	0	157
5:45	48.50	43.63	40.88	65.25	22.50	0.00	0.34	2	2	63	0	1	0	0.00	5120670	12870862	5508650	0	36.50	0.40	15.00	0	156
5:46	48.88	43.88	41.25	66.25	22.63	0.00	0.34	2	2	63	0	1	0	0.00	5130118	12870862	5568660	0	37.50	0.69	15.38	0	154
5:47	49.25	44.13	41.63	65.75	22.63	0.00	0.40	2	2	63	0	1	0	0.00	5149018	12870862	5628673	0	37.00	-0.29	15.75	0	156
5:49	49.75	44.38	42.00	65.75	22.63	0.00	0.54	2	2	63	0	1	0	0.00	5158655	12870862	5688726	0	37.00	-0.51	16.25	0	157
5:50	50.13	44.63	42.50	65.75	22.63	0.00	0.34	2	2	63	0	1	0	0.00	5177522	12870862	5748834	0	37.00	1.13	16.63	0	153
5:51	50.50	44.88	42.88	66.25	22.63	0.00	0.20	r	2	63	0	1	0	0.00	5177522	12870862	5808866	0	0.25	0.29	0.13	0	156
5:52	51.00	45.13	43.25	62.50	22.63	0.00	0.55	1	2	32	0	1	0	0.00	5181721	12870862	5868983	0	-3.25	-5.00	0.38	0	114
5:53	51.25	45.25	43.63	59.75	22.75	0.00	0.20	1	2	32	0	1	0	0.00	5189668	12870862	5929186	0	-6.00	-2.12	0.63	0	112
5:54	51.38	45.50	43.88	58.00	22.75	0.00	0.00	1	2	32	0	1	0	0.00	5193966	12870862	5989301	0	-7.75	-1.21	0.75	0	112
5:55	51.13	45.75	44.13	56.50	22.75	0.00	-0.14	1	2	32	0	1	0	0.00	5201819	12870862	6049302	0	-9.25	-1.67	0.50	0	114
5:56	51.00	45.88	44.25	56.25	22.88	0.00	-0.20	1	2	32	0	1	0	0.00	5206021	12870862	6109307	0	-9.50	-0.00	0.38	0	112
5:57	50.88	46.13	44.38	55.25	22.88	0.00	-0.20	1	2	32	0	1	0	0.00	5213968	12870862	6169443	0	-10.50	-1.09	0.25	0	114
5:58	50.75	46.25	44.38	55.25	22.88	0.00	-0.20	1	2	32	0	1	0	0.00	5218220	12870862	6229503	0	-10.50	-0.12	0.13	0	114
5:59	50.75	46.50	44.50	54.25	23.00	0.00	0.00	1	2	32	0	1	0	0.00	5226071	12870862	6289600	0	-11.50	-1.21	0.13	0	113
6:0	50.75	46.63	44.63	53.75	23.00	0.00	0.00	1	2	32	0	1	0	0.00	5230292	12870862	6349623	0	-12.00	0.82	0.13	0	112
6:1	50.75	46.75	44.75	53.50	23.13	0.00	-0.00	1	2	32	0	1	0	0.00	5238148	12870862	6409767	0	-12.25	-0.64	0.13	0	111
6:2	50.75	46.88	44.75	53.00	23.13	0.00	0.00	1	2	32	0	1	0	0.00	5242348	12870862	6469774	0	-12.75	-0.17	0.13	0	111
6:3	50.75	47.00	44.88	52.50	23.25	0.00	0.00	1	2	32	0	1	0	0.00	5250149	12870862	6529837	0	-13.25	-0.70	0.13	0	110
6:4	50.75	47.25	45.00	52.25	23.25	0.00	0.00	1	2	32	0	1	0	0.00	5254297	12870862	6589942	0	-13.50	0.12	0.13	0	111
6:5	50.75	47.38	45.13	52.25	23.38	0.00	-0.00	1	2	32	0	1	0	0.00	5262269	12870862	6649945	0	-13.50	-0.24	0.13	0	112
6:6	50.88	47.50	45.25	52.25	23.38	0.00	0.00	1	2	32	0	1	0	0.00	5266321	12870862	6709947	0	-13.50	0.05	0.25	0	114
6:7	51.00	47.63	45.38	51.50	23.38	0.00	0.20	1	2	32	0	1	0	0.00	5274424	12870862	6769962	0	-14.25	-0.98	0.38	0	114
6:8	51.13	47.75	45.50	52.00	23.50	0.00	0.14	1	2	32	0	1	0	0.00	5278421	12870862	6829979	0	-13.75	0.12	0.50	0	112
6:9	51.25	48.00	45.63	51.50	23.50	0.00	0.20	1	2	32	0	1	0	0.00	5286484	12870862	6890047	0	-14.25	-0.53	0.63	0	113
6:10	51.38	48.13	45.88	51.50	23.63	0.00	0.14	1	2	32	0	1	0	0.00	5290534	12870862	6950154	0	-14.25	-0.12	0.75	0	113
6:11	51.50	48.25	46.00	51.00	23.63	0.00	0.20	1	2	32	0	1	0	0.00	5298634	12870862	7010297	0	-14.75	-0.12	0.88	0	114
6:12	51.50	48.38	46.13	51.00	23.75	0.00	0.00	1	2	32	0	1	0	0.00	5302683	12870862	7070300	0	-14.75	0.12	0.88	0	114
6:13	51.75	48.50	46.25	50.75	23.75	0.00	0.14	1	2	32	0	1	0	0.00	5310785	12870862	7130303	0	-15.00	-0.83	1.13	0	113
6:14	51.88	48.75	46.38	50.75	23.75	0.00	0.14	1	2	32	0	1	0	0.00	5314833	12870862	7190342	0	-15.00	-0.13	1.25	0	112
6:15	52.00	48.88	46.50	50.75	23.88	0.00	0.14	1	2	32	0	1	0	0.00	5322934	12870862	7250444	0	-15.00	-0.42	1.38	0	113
6:16	52.00	49.00	46.63	50.50	23.88	0.00	-0.00	1	2	32	0	1	0	0.00	5326984	12870862	7310588	0	-15.25	-0.29	1.38	0	115
6:17	52.25	49.13	46.75	50.00	23.88	0.00	0.21	1	2	32	0	1	0	0.00	5334886	12870862	7370597	0	-15.75	-1.41	1.63	0	113
6:18	52.38	49.25	46.88	50.00	24.00	0.00	0.21	1	2	32	0	1	0	0.00	5338936	12870862	7430833	0	-15.75	-0.00	1.75	0	114
6:19	52.50	49.38	47.00	50.00	24.00	0.00	-0.00	1	2	32	0	1	0	0.00	5347038	12870862	7490940	0	-15.75	0.13	1.88	0	113
6:20	52.63	49.63	47.13	50.25	24.00	0.00	0.00	1	2	32	0	1	0	0.00	5351089	12870862	7550947	0	-15.50	0.54	2.00	0	114
6:21	52.75	49.75	47.25	50.50	24.00	0.00	0.21	1	2	32	0	1	0	0.00	5359193	12870862	7610957	0	-15.25	0.99	2.13	0	114
6:22	52.88	49.88	47.38	50.25	24.13	0.00	0.21	1	2	32	0	1	0	0.00	5363246	12870862	7671103	0	-15.50	0.16	2.25	0	111
6:23	53.00	50.00	45.38	49.00	24.13	0.00	0.00	R	1	32	1	0	0	0.00	5367296	12903622	7698409	0	-1.50	-1.70	0.00	0	112
6:24	53.13	50.13	38.38	48.50	24.13	0.00	-0.00	P	1	0	1	0	0	0.00	5367296	12963724	7698409	0	-1.50	-1.41	0.00	0	207
6:25	53.25	50.25	32.75	47.25	24.25	0.00	-0.00	P	1	0	1	0	0	0.00	5367296	13023866	7698409	0	-2.75	-1.64	0.13	0	207
6:26	53.50	50.25	29.50	46.25	24.25	0.00	0.14	P	1	0	1	0	0	0.00	5367296	13083872	7698409	0	-3.75	-1.12	0.38	0	207
6:27	53.50	50.38	27.88	45.75	24.38	0.00	0.00	P	1	0	1	0	0	0.00	5367296	13143917	7698409	0	-4.25	0.00	0.38	0	207
6:28	53.38	50.38	27.75	45.25	24.38	0.00	-0.21	P	1	41	1	0	0	0.00	5367296	13203943	7698409	0	-4.75	-0.84	0.25	0	110
6:29	52.63	50.38	28.63	46.25	24.38	0.00	-0.98	P	1	0	1	0	0	0.00	5367296	13264053	7698409	0	-3.75	0.13	-0.50	0	207
6:30	50.63	50.38	29.88	44.25	24.50	0.00	-2.10	P	1	0	1	0	0	0.00	5367296	13324061	7698409	0	-5.75	-1.54	-2.50	0	207
6:31	47.75	50.38	31.25	44.00	24.50	0.00	-2.87	2	1	63	0	0	0	0.00	5376743	13368021	7698409	0	0.50	-0.39	-0.88	0	155
6:32	45.50	50.50	32.00	47.00	24.63	0.00	-2.16	2	1	63	0	0	0	0.00	5386191	13368021	7698409	0	3.50	2.53	-3.13	0	156
6:33	43.75	50.50	32.00	48.75	24.63	0.00	-1.75	2	1	63	0	0	0	0.00	5404944	13368021	7698409	0	5.25	1.25	-4.88	0	155
6:34	42.50	50.50	31.63	51.75	24.63	0.00	-1.18	2	1	63	0	0	0	0.00	5414396	13368021	7698409	0	8.25	1.69	-6.13	0	156
6:35	41.13	50.50	31.25	52.25	24.63	0.00	-1.33	2	1	63	0	0	0	0.00	5433302	13368021	7698409	0	8.75	0.71	-7.50	0	156
6:36	40.13	50.38	30.88	54.75	24.63	0.00	-0.98	2	1	63	0	0	0	0.00	5442750	13368021	7698409	0	11.25	1.95	-8.50	0	155
6:37	39.75	50.38	30.50	54.75	24.63	0.00	-0.21	2	1	63	0	0	0	0.00	5461653	13368021	7698409	0	11.25	-0.16	-8.88	0	156
6:38	40.00	50.38	30.25	56.50	24.63	0.00	0.21	2	1	63	0	0	0	0.00	5471104	13368021	7698409	0	13.00	1.12	-8.63	0	155
6:39	40.75	50.38	30.25	56.75	24.63	0.00	0.77	2	1	63	0	0	0	0.00	5489998	13368021	7698409	0	13.25	0.45	-7.88	0	155
6:40	41.63	50.38	30.25	57.50	24.50	0.00	0.97	2	1	63	0	0	0	0.00	5499449	13368021	7698409	0	14.00	1.12	-7.00	0	157
6:41	42.75	50.38	30.38	57.50	24.50	0.00	1.12	2	1	63	1	0	0	0.00	5518351	13408967	7698409	0	14.00	0.70	-5.88	0	156
6:42	43.75	50.38	30.63	58.50	24.50	0.00	0.97	2	1	63	1	0	0	0.00	5527809	13469083	7698409	0	15.00	2.78	-4.88	0	158
6:43	44.63	50.38	30.38	59.50	24.50	0.00	0.98	2	1	63	1	0	0	0.00	5546720	13529089	7698409	0	16.00	1.12	-4.00	0	159
6:44	45.50	50.38	30.13	59.75	24.38	0.00	0.77	2	1	63	1	0	0	0.00	5556170	13589095	7698409	0	16.25	0.70	-3.13	0	154
6:45	46.13	50.38	30.00	60.00	24.38	0.00	0.56	2	1	63	1	0	0	0.00	5574927	13649102	7698409	0	16.50	0.70	-2.50	0	158
6:46	46.38	50.38	30.25	61.00	24.38	0.00	0.21	2	1	63	1	0	0	0.00	5584372	13709108	7698409	0	17.50	1.41	-2.25	0	155
6:47	46.50	50.38	30.75	60.50	24.25	0.00	0.00	2	1	63	1	0	0	0.00	5603265	13769157	7698409	0	17.00	-0.42	-2.13	0	158
6:48	46.25	50.38	31.38	60.50	24.25	0.00	-0.21	2	1	63	1	0	0	0.00	5612713	13829251	7698409	0	17.00	-0.44	-2.38	0	154
6:49	45.75	50.38	31.88	61.00	24.25	0.00	-0.56	2	1	63	1	0	0	0.00	5631613	13889397	7698409	0	17.50	0.42	-2.88	0	157
6:50	45.00	50.38	32.38	61.00	24.13	0.00	-0.84	2	1	63	1	0	0	0.00	5641067	13949410	7698409	0	17.50	0.56	-3.63	0	153
6:51	44.25	50.38	32.88	61.75	24.00	0.00	-0.56	2	1	63	1	0	0	0.00	5659954	13998812	7698409	0	18.25	0.71	-4.38	0	156
6:52	43.88	50.38	33.00	62.25	23.88	0.00	-0.42	2	1	63	1	0	0	0.00	5669406	14029031	7698409	0	18.75	0.44	-4.75	0	156
21:27	42.38	45.63	29.88	32.50	37.50	0.00	0.00	2	2	63	0	0	0	0.00	29553	0	0	0	0.00	35.58	0.00	0	155
21:28	42.38	45.63	29.75	32.25	37.25	0.00	0.00	z	0	0	0	0	0	0.00	0	0	0	0	-0.50	35.32	0.00	0	207
21:36	42.38	45.63	29.63	31.75	34.75	0.00	0.00	z	0	0	0	0	0	0.00	0	0	0	0	0.00	34.78	0.00	0	0
21:37	42.38	45.50	29.63	31.75	34.38	0.00	0.01	z	0	0	0	0	0	0.00	0	0	0	0	0.00	-0.26	0.00	0	2
21:38	42.38	45.63	29.50	32.00	34.13	0.00	0.00	z	0	0	0	0	0	0.00	0	0	0	0	0.25	-0.27	0.00	0	4
21:42	42.38	45.50	29.38	36.25	32.88	0.00	0.00	2	2	63	0	0	0	0.00	34347	0	0	0	2.25	39.59	0.00	0	155
21:43	42.38	45.50	29.38	40.75	32.50	0.00	0.00	2	2	63	0	0	0	0.00	47448	0	0	0	6.75	4.02	0.00	0	156
21:44	42.75	45.50	29.38	43.75	32.13	0.00	0.40	2	2	63	0	0	0	0.00	62713	0	0	0	9.75	2.67	0.38	0	154
21:45	43.25	45.50	29.50	45.50	31.88	0.00	0.53	2	2	63	0	0	0	0.00	75743	0	0	0	11.50	1.59	0.88	0	154
21:48	45.63	45.50	24.75	41.75	30.75	0.00	0.54	F	2	60	0	0	0	0.00	24847	21502	0	0	0.00	-1.42	0.00	1	153
21:49	46.00	45.50	23.50	47.25	30.38	0.00	0.27	F	2	60	0	0	0	0.00	24847	21502	0	0	5.50	3.77	0.38	1	152
21:50	46.50	45.50	23.13	48.00	30.13	0.00	0.54	F	2	60	0	0	0	0.00	27394	21502	0	0	6.25	0.55	0.88	1	158
21:51	47.13	45.50	23.00	49.75	29.88	0.00	0.54	2	2	63	0	1	0	0.00	59050	21502	19326	0	1.00	2.14	0.25	0	155
21:52	47.50	45.50	28.50	52.00	29.63	0.00	0.41	2	2	63	0	1	0	0.00	73897	21502	79441	0	3.25	2.43	0.63	0	153
21:53	47.63	45.50	33.63	53.50	29.50	0.00	0.00	2	2	63	0	1	0	0.00	87404	21502	139452	0	4.75	1.60	0.75	0	156
21:55	46.63	45.63	36.63	53.75	29.25	0.00	-1.08	2	2	63	0	0	0	0.00	102108	21502	181672	0	5.00	0.26	-0.25	0	153
21:56	45.88	45.63	37.88	54.50	29.00	0.00	-0.68	2	2	63	0	0	0	0.00	115798	21502	181672	0	5.75	0.55	-1.00	0	153
21:57	46.13	45.63	38.13	55.50	28.88	0.00	0.27	2	2	63	0	0	0	0.00	130470	21502	181672	0	6.75	0.54	-0.75	0	152
21:58	46.75	45.63	37.88	56.00	28.63	0.00	0.67	2	2	63	0	0	0	0.00	144125	21502	181672	0	7.25	0.80	-0.13	0	157
21:59	47.63	45.63	37.50	57.50	28.50	0.00	0.94	r	2	63	0	1	0	0.00	156932	21502	220185	0	0.00	1.05	0.00	0	154
22:0	48.63	45.75	39.00	56.25	28.25	0.00	0.95	r	2	63	0	1	0	0.00	156932	21502	280190	0	-1.25	-1.35	1.00	0	154
22:1	49.13	45.75	40.63	52.75	28.13	0.00	0.55	1	2	32	0	1	0	0.00	165033	21502	340246	0	-3.50	-3.82	0.50	0	113
22:2	49.13	45.88	41.63	49.50	28.00	0.00	-0.00	z	0	0	0	1	0	0.00	0	0	53855	0	-2.25	2.64	0.00	0	207
22:3	49.00	46.00	42.25	48.00	28.00	0.00	-0.13	z	0	0	0	1	0	0.00	0	0	113903	0	-3.75	-1.34	-0.13	0	207
22:4	48.63	46.00	42.63	46.50	27.88	0.00	-0.41	z	0	0	0	0	0	0.00	0	0	150148	0	-5.25	-1.35	-0.50	0	207
22:5	48.38	46.13	42.50	45.75	27.88	0.00	-0.27	z	0	0	0	0	0	0.00	0	0	150148	0	-6.00	-1.06	-0.75	0	207
22:6	48.25	46.25	42.38	45.25	27.88	0.00	-0.14	z	0	0	0	0	0	0.00	0	0	150148	0	-6.50	-1.18	-0.88	0	207
22:7	48.25	46.25	40.88	44.75	27.75	0.00	-0.01	z	0	0	1	0	0	0.00	0	24145	150148	0	-7.00	-1.58	-0.88	0	207
22:8	48.38	46.25	33.38	44.00	27.75	0.00	0.13	z	0	0	1	0	0	0.00	0	84239	150148	0	-7.75	-2.35	-0.75	0	207
22:9	48.50	46.38	28.38	43.50	27.75	0.00	0.13	z	0	0	1	0	0	0.00	0	144382	150148	0	-8.25	-3.01	-0.63	0	207
22:10	48.50	46.38	25.63	43.00	27.75	0.00	0.00	z	0	0	0	0	0	0.00	0	150137	150148	0	-8.75	-3.67	-0.63	0	207
22:11	48.50	46.38	24.88	42.75	27.75	0.00	0.00	z	0	0	0	0	0	0.00	0	150137	150148	0	-9.00	-3.94	-0.63	0	207
22:12	48.50	46.38	24.63	42.00	27.88	0.00	0.00	z	0	0	0	0	0	0.00	0	150137	150148	0	-9.75	-4.73	-0.63	0	207
22:13	48.50	46.38	28.50	41.50	27.88	0.00	0.00	z	0	0	0	1	0	0.00	0	150137	204603	0	-10.25	-5.27	-0.63	0	207
22:14	48.13	46.38	34.50	40.75	27.88	0.00	-0.41	z	0	0	0	1	0	0.00	0	150137	264612	0	-11.00	-6.09	-1.00	0	207
22:15	46.75	46.38	36.63	40.50	27.88	0.00	-1.36	z	0	0	0	0	0	0.00	0	153680	296608	0	-11.25	-5.84	-2.38	0	207
22:16	45.50	46.38	35.38	40.00	27.88	0.00	-1.23	z	0	0	0	0	0	0.00	0	153680	296608	0	-11.75	-4.92	-3.63	0	207
22:17	44.50	46.38	34.38	39.50	28.00	0.00	-0.96	z	0	0	0	0	0	0.00	0	153680	296608	0	-12.25	-4.11	-4.63	0	207
22:18	43.88	46.25	32.88	39.50	28.00	0.00	-0.69	z	0	0	1	0	0	0.00	0	178439	296608	0	-12.25	-3.19	-5.25	0	207
22:19	43.00	46.25	28.63	39.25	28.00	0.00	-0.82	z	0	0	1	0	0	0.00	0	238449	296608	0	-12.50	-2.66	-6.13	0	207
22:20	42.50	46.13	26.50	38.50	28.13	0.00	-0.55	z	0	0	0	0	0	0.00	0	248404	296608	0	-13.25	-2.66	-6.63	0	207
22:21	42.13	46.13	25.50	38.75	28.13	0.00	-0.27	z	0	0	0	0	0	0.00	0	248404	296608	0	-13.00	-1.73	-7.00	0	207
22:22	41.88	46.13	25.25	37.50	28.25	0.00	-0.13	z	0	0	0	0	0	0.00	0	248404	296608	0	-14.25	-2.64	-7.25	0	207
22:23	41.63	46.13	25.00	38.00	28.25	0.00	-0.27	z	0	0	0	0	0	0.00	0	248404	296608	0	-13.75	-2.00	-7.50	0	207
22:24	41.50	46.13	24.88	37.50	28.38	0.00	-0.13	z	0	0	0	0	0	0.00	0	248404	296608	0	-14.25	-2.25	-7.63	0	207
22:25	41.50	46.13	24.75	37.50	28.38	0.00	0.00	z	0	0	0	0	0	0.00	0	248404	296608	0	-14.25	-2.12	-7.63	0	207
22:26	41.38	46.00	24.50	37.00	28.50	0.00	-0.13	z	0	0	0	0	0	0.00	0	248404	296608	0	-14.75	-2.65	-7.75	0	207
22:27	41.50	46.00	24.38	37.00	28.63	0.00	-0.00	z	0	0	0	0	0	0.00	0	248404	296608	0	-14.75	-2.66	-7.63	0	207
22:28	41.50	46.00	24.25	36.50	28.75	0.00	0.00	z	0	0	0	0	0	0.00	0	248404	296608	0	-15.25	-3.19	-7.63	0	207
22:29	41.50	46.00	24.13	36.50	28.75	0.00	-0.00	z	0	0	0	0	0	0.00	0	248404	296608	0	-15.25	-3.19	-7.63	0	207
22:30	41.50	46.00	24.13	36.25	28.88	0.00	0.00	z	0	0	0	0	0	0.00	0	248404	296608	0	-15.50	-3.46	-7.63	0	207
22:31	41.50	46.00	24.00	35.75	29.00	0.00	0.00	z	0	0	0	0	0	0.00	0	248404	296608	0	-16.00	-3.99	-7.63	0	207
22:32	41.63	46.00	24.00	36.25	29.13	0.00	0.14	z	0	0	0	0	0	0.00	0	248404	296608	0	-15.50	-3.45	-7.50	0	207
22:33	41.63	46.00	24.00	35.50	29.25	0.00	0.00	z	0	0	0	0	0	0.00	0	248404	296608	0	-16.25	-4.39	-7.50	0	207
22:34	41.63	46.00	24.00	35.50	29.38	0.00	0.00	z	0	0	0	0	0	0.00	0	248404	296608	0	-16.25	-4.38	-7.50	0	207
22:35	41.75	46.00	23.88	34.75	29.50	0.00	0.13	z	0	0	0	0	0	0.00	0	248404	296608	0	-17.00	-5.19	-7.38	0	207
22:36	41.75	46.00	24.00	35.00	29.63	0.00	-0.00	z	0	0	0	0	0	0.00	0	248404	296608	0	-16.75	-5.07	-7.38	0	207
22:37	41.75	46.00	24.00	35.25	29.75	0.00	0.00	z	0	0	0	0	0	0.00	0	248404	296608	0	-16.50	-4.81	-7.38	0	207
22:38	41.75	46.00	24.00	35.25	30.00	0.00	0.00	z	0	0	0	0	0	0.00	0	248404	296608	0	-16.50	-4.81	-7.38	0	207
22:39	41.75	46.00	24.00	35.00	30.13	0.00	-0.00	z	0	0	0	0	0	0.00	0	248404	296608	0	-16.75	-5.06	-7.38	0	207
22:40	41.88	46.00	24.13	34.75	30.38	0.00	0.13	z	0	0	0	0	0	0.00	0	248404	296608	0	-17.00	-5.33	-7.25	0	207
22:41	41.88	46.00	24.13	35.25	30.63	0.00	0.00	z	0	0	0	0	0	0.00	0	248404	296608	0	-16.50	-4.94	-7.25	0	207
22:42	41.88	46.00	24.13	34.50	30.88	0.00	0.00	z	0	0	0	0	0	0.00	0	248404	296608	0	-17.25	-5.74	-7.25	0	207
22:43	41.88	46.00	24.25	35.00	31.25	0.00	0.00	z	0	0	0	0	0	0.00	0	248404	296608	0	-16.75	-5.22	-7.25	0	207
22:44	42.00	46.00	24.25	34.75	31.63	0.00	0.14	z	0	0	0	0	0	0.00	0	248404	296608	0	-17.00	-5.47	-7.13	0	207
22:45	42.00	46.00	24.25	33.75	31.88	0.00	-0.00	z	0	0	0	0	0	0.00	0	248404	296608	0	-18.00	-6.67	-7.13	0	207
22:46	42.00	46.00	24.25	34.00	32.25	0.00	0.00	z	0	0	0	0	0	0.00	0	248404	296608	0	-17.75	-6.42	-7.13	0	207
22:47	42.00	46.00	24.38	34.00	32.63	0.00	0.00	z	0	0	0	0	0	0.00	0	248404	296608	0	-17.75	-6.44	-7.13	0	207
22:48	42.13	46.00	24.38	34.00	33.00	0.00	0.13	z	0	0	0	0	0	0.00	0	248404	296608	0	-17.75	-6.44	-7.00	0	207
22:49	42.13	46.00	24.50	34.00	33.38	0.00	-0.00	z	0	0	0	0	0	0.00	0	248404	296608	0	-17.75	-6.58	-7.00	0	207
22:50	42.13	46.00	24.50	34.50	33.75	0.00	0.00	z	0	0	0	0	0	0.00	0	248404	296608	0	-17.25	-6.06	-7.00	0	207
22:51	42.13	46.00	24.50	34.25	34.13	0.00	0.00	z	0	0	0	0	0	0.00	0	248404	296608	0	-17.50	-6.33	-7.00	0	207
22:52	42.13	46.00	24.50	34.00	34.50	0.00	-0.00	z	0	0	0	0	0	0.00	0	248404	296608	0	-17.75	-6.59	-7.00	0	207
22:53	42.25	46.00	24.50	33.50	34.88	0.00	-0.01	z	0	0	0	0	0	0.00	0	248404	296608	0	-18.25	-7.27	-6.88	0	207
22:54	42.25	46.00	24.63	34.00	35.25	0.00	0.00	z	0	0	0	0	0	0.00	0	248404	296608	0	-17.75	-6.73	-6.88	0	207
22:55	42.25	46.00	24.63	33.75	35.63	0.00	0.00	z	0	0	0	0	0	0.00	0	248404	296608	0	-18.00	-7.00	-6.88	0	207
22:57	42.25	46.00	24.63	33.75	35.88	0.00	-0.00	z	0	0	0	0	0	0.00	0	248404	296608	0	-18.00	-7.01	-6.88	0	207
22:58	42.25	46.00	24.75	33.50	36.25	0.00	0.00	z	0	0	0	0	0	0.00	0	248404	296608	0	-18.25	-7.30	-6.88	0	207
22:59	42.25	46.00	24.75	33.00	36.50	0.00	0.00	z	0	0	0	0	0	0.00	0	248404	296608	0	-18.75	-7.83	-6.88	0	207
23:0	42.25	45.88	24.75	33.25	36.75	0.00	0.00	z	0	0	0	0	0	0.00	0	248404	296608	0	-18.50	-7.58	-6.88	0	207
23:1	42.25	45.88	24.75	33.75	36.88	0.00	0.00	z	0	0	0	0	0	0.00	0	248404	296608	0	-18.00	-7.03	-6.88	0	207
23:2	42.25	45.88	24.88	33.00	37.13	0.00	0.00	z	0	0	0	0	0	0.00	0	248404	296608	0	-18.75	-7.85	-6.88	0	207
23:3	42.25	45.88	24.88	33.50	37.38	0.00	-0.00	z	0	0	0	0	0	0.00	0	248404	296608	0	-18.25	-7.30	-6.88	0	207
23:4	42.25	45.88	24.88	33.00	37.50	0.00	0.00	z	0	0	0	0	0	0.00	0	248404	296608	0	-18.75	-7.86	-6.88	0	207
23:5	42.25	45.88	24.88	33.25	37.75	0.00	0.00	z	0	0	0	0	0	0.00	0	248404	296608	0	-18.50	-7.59	-6.88	0	207
23:6	42.25	45.88	24.88	33.50	37.88	0.00	0.00	z	0	0	0	0	0	0.00	0	248404	296608	0	-18.25	-7.31	-6.88	0	207
23:7	42.25	45.88	25.00	33.25	38.00	0.00	0.00	z	0	0	0	0	0	0.00	0	248404	296608	0	-18.50	-7.60	-6.88	0	207
23:8	42.25	45.88	25.00	32.50	38.25	0.00	-0.00	z	0	0	0	0	0	0.00	0	248404	296608	0	-19.25	-8.41	-6.88	0	207
23:9	42.38	45.88	25.00	33.25	38.38	0.00	0.14	z	0	0	0	0	0	0.00	0	248404	296608	0	-18.50	-7.59	-6.75	0	207
23:10	42.38	45.88	25.00	33.25	38.50	0.00	-0.00	z	0	0	0	0	0	0.00	0	248404	296608	0	-18.50	-7.73	-6.75	0	207
23:11	42.38	45.88	25.13	33.25	38.75	0.00	0.00	z	0	0	0	0	0	0.00	0	248404	296608	0	-18.50	-7.74	-6.75	0	207
23:12	42.38	45.88	25.13	33.50	38.88	0.00	0.00	z	0	0	0	0	0	0.00	0	248404	296608	0	-18.25	-7.49	-6.75	0	207
23:13	42.38	45.75	25.13	32.75	39.13	0.00	0.00	z	0	0	0	0	0	0.00	0	248404	296608	0	-19.00	-8.29	-6.75	0	207
23:14	42.38	45.75	25.13	33.25	39.25	0.00	0.00	z	0	0	0	0	0	0.00	0	248404	296608	0	-18.50	-7.73	-6.75	0	207
23:15	42.38	45.75	25.13	32.75	39.38	0.00	-0.00	z	0	0	0	0	0	0.00	0	248404	296608	0	-19.00	-8.29	-6.75	0	207
23:16	42.38	45.75	25.25	33.00	39.63	0.00	-0.00	z	0	0	0	0	0	0.00	0	248404	296608	0	-18.75	-8.04	-6.75	0	207
23:17	42.38	45.75	25.25	33.00	39.75	0.00	0.00	z	0	0	0	0	0	0.00	0	248404	296608	0	-18.75	-8.05	-6.75	0	207
23:18	42.50	45.75	25.25	33.25	39.88	0.00	0.14	z	0	0	0	0	0	0.00	0	248404	296608	0	-18.50	-7.77	-6.63	0	207
23:19	42.50	45.75	25.25	32.50	40.00	0.00	0.00	z	0	0	0	0	0	0.00	0	248404	296608	0	-19.25	-8.71	-6.63	0	207
23:20	42.50	45.75	25.25	32.75	40.13	0.00	0.00	z	0	0	0	0	0	0.00	0	248404	296608	0	-19.00	-8.46	-6.63	0	207
23:21	42.50	45.75	25.38	33.00	40.25	0.00	0.00	z	0	0	0	0	0	0.00	0	248404	296608	0	-18.75	-8.21	-6.63	0	207
23:22	42.50	45.75	25.38	32.50	40.38	0.00	0.00	z	0	0	0	0	0	0.00	0	248404	296608	0	-19.25	-8.77	-6.63	0	207
23:23	42.50	45.75	25.38	33.00	40.50	0.00	0.00	z	0	0	0	0	0	0.00	0	248404	296608	0	-18.75	-8.22	-6.63	0	207
23:24	42.50	45.75	25.38	33.25	40.63	0.00	0.00	z	0	0	0	0	0	0.00	0	248404	296608	0	-18.50	-7.92	-6.63	0	207
23:25	42.50	45.63	25.50	32.75	40.63	0.00	0.00	z	0	0	0	0	0	0.00	0	248404	296608	0	-19.00	-8.46	-6.63	0	207
23:26	42.50	45.63	25.50	32.50	40.75	0.00	0.00	z	0	0	0	0	0	0.00	0	248404	296608	0	-19.25	-8.76	-6.63	0	207
23:27	42.50	45.63	25.50	32.50	40.88	0.00	0.00	z	0	0	0	0	0	0.00	0	248404	296608	0	-19.25	-8.77	-6.63	0	207
23:28	42.50	45.63	25.50	32.50	40.88	0.00	-0.00	z	0	0	0	0	0	0.00	0	248404	296608	0	-19.25	-8.80	-6.63	0	207
23:29	42.50	45.63	25.50	33.25	41.00	0.00	0.00	z	0	0	0	0	0	0.00	0	248404	296608	0	-18.50	-7.99	-6.63	0	207
23:30	42.50	45.63	25.63	33.00	41.00	0.00	0.00	z	0	0	0	0	0	0.00	0	248404	296608	0	-18.75	-8.26	-6.63	0	207
23:31	42.50	45.63	25.63	32.50	41.13	0.00	-0.00	z	0	0	0	0	0	0.00	0	248404	296608	0	-19.25	-8.83	-6.63	0	207
23:32	42.63	45.63	25.63	32.75	41.13	0.00	0.14	z	0	0	0	0	0	0.00	0	248404	296608	0	-19.00	-8.56	-6.50	0	207
23:33	42.50	45.63	25.63	32.75	41.25	0.00	-0.16	z	0	0	0	0	0	0.00	0	248404	296608	0	-19.00	-8.72	-6.63	0	207
23:34	42.63	45.63	25.63	32.75	41.25	0.00	0.00	z	0	0	0	0	0	0.00	0	248404	296608	0	-19.00	-8.72	-6.50	0	207
23:35	42.63	45.63	25.63	32.75	41.25	0.00	0.00	z	0	0	0	0	0	0.00	0	248404	296608	0	-19.00	-8.74	-6.50	0	207
23:36	42.63	45.63	25.63	32.25	41.38	0.00	0.00	z	0	0	0	0	0	0.00	0	248404	296608	0	-19.50	-9.28	-6.50	0	207
23:37	42.63	45.63	25.63	32.25	41.38	0.00	0.00	z	0	0	0	0	0	0.00	0	248404	296608	0	-19.50	-9.30	-6.50	0	207
23:38	42.63	45.63	25.75	32.75	41.38	0.00	0.00	z	0	0	0	0	0	0.00	0	248404	296608	0	-19.00	-8.73	-6.50	0	207
23:39	42.63	45.63	25.75	32.75	41.38	0.00	-0.00	z	0	0	0	0	0	0.00	0	248404	296608	0	-19.00	-8.75	-6.50	0	207
23:40	42.63	45.63	25.75	32.75	41.38	0.00	0.00	z	0	0	0	0	0	0.00	0	248404	296608	0	-19.00	-8.78	-6.50	0	207
23:41	42.63	45.63	25.75	32.75	41.38	0.00	-0.00	z	0	0	0	0	0	0.00	0	248404	296608	0	-19.00	-8.79	-6.50	0	207
23:42	42.63	45.63	25.75	32.75	41.38	0.00	0.00	z	0	0	0	0	0	0.00	0	248404	296608	0	-19.00	-8.75	-6.50	0	207
23:43	42.63	45.63	25.75	33.00	41.38	0.00	0.00	z	0	0	0	0	0	0.00	0	248404	296608	0	-18.75	-8.50	-6.50	0	207
23:44	42.63	45.63	25.75	32.75	41.50	0.00	-0.00	z	0	0	0	0	0	0.00	0	248404	296608	0	-19.00	-8.76	-6.50	0	207
23:45	42.63	45.63	25.75	32.75	41.50	0.00	0.00	z	0	0	0	0	0	0.00	0	248404	296608	0	-19.00	-8.78	-6.50	0	207
23:46	42.63	45.63	25.75	32.75	41.50	0.00	0.00	z	0	0	0	0	0	0.00	0	248404	296608	0	-19.00	-8.80	-6.50	0	207
23:47	42.63	45.63	25.75	32.50	41.50	0.00	0.00	z	0	0	0	0	0	0.00	0	248404	296608	0	-19.25	-9.10	-6.50	0	207
23:48	42.63	45.63	25.75	32.75	41.50	0.00	-0.00	z	0	0	0	0	0	0.00	0	248404	296608	0	-19.00	-8.81	-6.50	0	207
23:49	42.63	45.50	25.88	32.75	41.50	0.00	0.00	z	0	0	0	0	0	0.00	0	248404	296608	0	-19.00	-8.79	-6.50	0	207
23:50	42.63	45.63	25.88	32.25	41.50	0.00	0.00	z	0	0	0	0	0	0.00	0	248404	296608	0	-19.50	-9.37	-6.50	0	207
23:51	42.63	45.63	25.88	33.00	41.50	0.00	-0.00	z	0	0	0	0	0	0.00	0	248404	296608	0	-18.75	-8.55	-6.50	0	207
23:52	42.63	45.50	25.88	32.75	41.50	0.00	-0.00	z	0	0	0	0	0	0.00	0	248404	296608	0	-19.00	-8.83	-6.50	0	207
23:53	42.63	45.50	25.88	32.25	41.50	0.00	0.00	z	0	0	0	0	0	0.00	0	248404	296608	0	-19.50	-9.37	-6.50	0	207
23:54	42.63	45.50	25.88	32.75	41.38	0.00	-0.00	z	0	0	0	0	0	0.00	0	248404	296608	0	-19.00	-8.83	-6.50	0	207
23:55	42.63	45.50	25.88	32.50	41.38	0.00	0.00	z	0	0	0	0	0	0.00	0	248404	296608	0	-19.25	-9.13	-6.50	0	207
23:56	42.63	45.50	25.88	32.75	41.38	0.00	0.00	z	0	0	0	0	0	0.00	0	248404	296608	0	-19.00	-8.83	-6.50	0	207
23:57	42.63	45.50	25.88	32.50	41.25	0.00	-0.03	z	0	0	0	0	0	0.00	0	248404	296608	0	-19.25	-9.16	-6.50	0	207
23:58	42.63	45.50	25.88	32.25	41.25	0.00	0.17	z	0	0	0	0	0	0.00	0	248404	296608	0	-19.50	-9.27	-6.50	0	207
23:59	42.50	45.50	25.88	33.00	41.13	0.00	0.00	z	0	0	0	0	0	0.00	0	248404	296608	0	-18.75	-8.44	-6.63	0	207
